              Equipment used to apply fertilizer
                     1       2       3       4       5
 #    #/name  Total/maFpreplt+S-Fall pS-pre&plPostpltAu
    1 B-FRESH      266
    2 B-FDLT-S     266
    3 B-FDLT-P     266
    4 B-FDLT-C     266
    5 D-FRESH      266
    6 D-SO-MNU     266
    7 D-LIQ        265
    8 D-LAG-LQ     265
    9 D-LAG-SO     265
   10 BR-FRESH     266
   11 T-FRESH      266
   12 L-FRESH      266
   13 L-MPIT       266
   14 L-DPIT       266
   15 L-LIQUID     266
   16 DU-FRESH     266
   17 G-FRESH      266
   18 P-FRESH      266
   19
   20
   21
   22 Elem-N               267     267     267     267
   23 Elem-P               267     267     267     267
   24 Elem-K               267     267     267     267
   25        2             259     259     259     259
   26        6             265     265     265     265
   27       10             267     267     267     267
   28       12             267     267     267     267
   29       13             267     267     267     267
   30       16             265     265     265     265
   31       20             265     265     265     265
   32       24             265     265     265     265
   33       25             265     265     265     265
   34       27             267     267     267     267
   35       29             267     267     267     267
   36       31             267     267     267     267
   37       35             267     267     267     267
   38       38             267     267     267     267
   39       43             267     267     267     267
   40       46             267     267     267     267
   41       50             267     267     267     267
   42       52             267     267     267     267
   43       54             265     265     265     265
   44       56             265     265     265     265
   45       58             265     265     265     265
   46       59             265     265     265     265
   47       60             265     265     265     265
   48       61             265     265     265     265
   49       62             267     267     267     267
   50       64             267     267     267     267
   51       66             267     267     267     267
   52       67             265     265     265     265
   53       68             267     267     267     267
   54       73             267     267     267     267
   55       77             267     267     267     267
   56      201             267     267     267     267
   57      202             267     267     267     267
   58      203             267     267     267     267
   59      204             267     267     267     267
   60      205             267     267     267     267
   61      206             267     267     267     267
   62      207             267     267     267     267
   63      208             267     267     267     267
   64      209             267     267     267     267
   65      212             267     267     267     267
   66      214             267     267     267     267
   67      216             267     267     267     267
   68      218             267     267     267     267
   69      223             267     267     267     267
   70      228             267     267     267     267
   71      233             267     267     267     267
   72      238             267     267     267     267
   73      241             267     267     267     267
   74      243             267     267     267     267
   75      248             267     267     267     267
   76      249             267     267     267     267
   77      253             267     267     267     267
   78      263             267     267     267     267
   79      265             267     267     267     267
   80      267             267     267     267     267
   81      273             267     267     267     267
   82      297             267     267     267     267
   83      298             267     267     267     267
   84
   85
   86
   87
   88
   89
   90
   91
   92
   93
   94
   95
   96
   97
   98
   99
  100
  101 CEAP-101     266
  102 CEAP-102     266
  103 CEAP-103     266
  104 CEAP-104     266
  105 CEAP-105     266
  106 CEAP-106     271
  107 CEAP-107     271
  108 CEAP-108     271
  109 CEAP-109     265
  110 CEAP-110     265
  111 CEAP-111     265
  112 CEAP-112     265
  113 CEAP-113     266
  114 CEAP-114     266
  115 CEAP-115     266
  116 CEAP-116     266
  117 CEAP-117     266
  118 CEAP-118     266
  119 CEAP-119     266
  120 CEAP-120     271
  121 CEAP-121     271
  122 CEAP-122     271
  123 CEAP-123     265
  124 CEAP-124     265
  125 CEAP-125     265
  126 CEAP-126     265
  127 CEAP-127     266
  128 CEAP-128     266
  129 CEAP-129     266
  130 CEAP-130     271
  131 CEAP-131     265
  132 CEAP-132     266
  133 CEAP-133     266
  134 CEAP-134     266
  135 CEAP-135     266
  136 CEAP-136     266
  137 CEAP-137     271
  138 CEAP-138     265
  139 CEAP-139     266
  140 CEAP-140     266
  141 CEAP-141     266
  142 CEAP-142     271
  143              265
  144
  145
  146
  147
  148
  149
  150
  151
  152
  153