BELD4#                                    22       22       22       22       22       24       24       24       24       24       26       26       26       26       26       58       58       58       58       58
Crop                               Hay      Hay      Hay      Hay      Hay      Alfalfa  Alfalfa  Alfalfa  Alfalfa  Alfalfa  Oth_GrassOth_GrassOth_GrassOth_GrassOth_GrassOth_Crop Oth_Crop Oth_Crop Oth_Crop Oth_Crop
Time pd                            Total    Fpre+plt S-Fall plS-pre&pltPostpltAuTotal    Fpre+plt S-Fall plS-pre&pltPostpltAuTotal    Fpre+plt S-Fall plS-pre&pltPostpltAuTotal    Fpre+plt S-Fall plS-pre&pltPostpltAu
Spring                                     0        0        1        1        1        0        0        1        1        1        0        0        1        1        1        0        0        1        1        1
Fall                                       0        1        0        0        0        0        1        0        0        0        0        1        0        0        0        0        1        0        0        0
EPIC#   Fert#NAME                          0        0        0        0        0        0        0        0        0        0        0        0        0        0        0        0        0        0        0        0
      22    1IDENTIFIED BY GRADE      0.4000   0.1000   0.0000   0.3000   0.0000   0.0000   0.0000   0.0000   0.0000   0.0000   0.4000   0.1000   0.0000   0.3000   0.0000   0.3000   0.0000   0.0000   0.3000   0.0000
      25    2ANHY AMMONIA             0.0000   0.0000   0.0000   0.0000   0.0000   0.0000   0.0000   0.0000   0.0000   0.0000   0.0000   0.0000   0.0000   0.0000   0.0000   0.1000   0.0000   0.0000   0.1000   0.0000
      26    6AQUA AMMONIA             0.0000   0.0000   0.0000   0.0000   0.0000   0.0000   0.0000   0.0000   0.0000   0.0000   0.0000   0.0000   0.0000   0.0000   0.0000   0.0000   0.0000   0.0000   0.0000   0.0000
      27   10AMMONIUM NITRATE         0.1000   0.0000   0.0000   0.1000   0.0000   0.0000   0.0000   0.0000   0.0000   0.0000   0.1000   0.0000   0.0000   0.1000   0.0000   0.2000   0.0000   0.0000   0.2000   0.0000
      28   12AMM NIT SOLUTION         0.0000   0.0000   0.0000   0.0000   0.0000   0.0000   0.0000   0.0000   0.0000   0.0000   0.0000   0.0000   0.0000   0.0000   0.0000   0.0000   0.0000   0.0000   0.0000   0.0000
      29   13AMM NIT LIME MIX         0.0000   0.0000   0.0000   0.0000   0.0000   0.0000   0.0000   0.0000   0.0000   0.0000   0.0000   0.0000   0.0000   0.0000   0.0000   0.0000   0.0000   0.0000   0.0000   0.0000
      30   16AMMONIUM NIT-SUL         0.0000   0.0000   0.0000   0.0000   0.0000   0.0000   0.0000   0.0000   0.0000   0.0000   0.0000   0.0000   0.0000   0.0000   0.0000   0.0000   0.0000   0.0000   0.0000   0.0000
      31   20AMMONIUM POLYSULF        0.0000   0.0000   0.0000   0.0000   0.0000   0.0000   0.0000   0.0000   0.0000   0.0000   0.0000   0.0000   0.0000   0.0000   0.0000   0.0000   0.0000   0.0000   0.0000   0.0000
      32   24AMMONIUM SULFATE         0.0000   0.0000   0.0000   0.0000   0.0000   0.0000   0.0000   0.0000   0.0000   0.0000   0.0000   0.0000   0.0000   0.0000   0.0000   0.0000   0.0000   0.0000   0.0000   0.0000
      33   25AMM SUL SOLUTION         0.0000   0.0000   0.0000   0.0000   0.0000   0.0000   0.0000   0.0000   0.0000   0.0000   0.0000   0.0000   0.0000   0.0000   0.0000   0.0000   0.0000   0.0000   0.0000   0.0000
      34   27AMMONIUM SUL-NIT         0.0000   0.0000   0.0000   0.0000   0.0000   0.0000   0.0000   0.0000   0.0000   0.0000   0.0000   0.0000   0.0000   0.0000   0.0000   0.0000   0.0000   0.0000   0.0000   0.0000
      35   29AMMONIUM SUL-UREA        0.0000   0.0000   0.0000   0.0000   0.0000   0.0000   0.0000   0.0000   0.0000   0.0000   0.0000   0.0000   0.0000   0.0000   0.0000   0.0000   0.0000   0.0000   0.0000   0.0000
      36   31AMMONIUM THIOSUL         0.0000   0.0000   0.0000   0.0000   0.0000   0.0000   0.0000   0.0000   0.0000   0.0000   0.0000   0.0000   0.0000   0.0000   0.0000   0.0000   0.0000   0.0000   0.0000   0.0000
      37   35CALCIUM AMM NIT          0.0000   0.0000   0.0000   0.0000   0.0000   0.0000   0.0000   0.0000   0.0000   0.0000   0.0000   0.0000   0.0000   0.0000   0.0000   0.0000   0.0000   0.0000   0.0000   0.0000
      38   38CALCIUM CYANAM           0.0000   0.0000   0.0000   0.0000   0.0000   0.0000   0.0000   0.0000   0.0000   0.0000   0.0000   0.0000   0.0000   0.0000   0.0000   0.0000   0.0000   0.0000   0.0000   0.0000
      39   43CALCIUM NITRATE          0.0000   0.0000   0.0000   0.0000   0.0000   0.0000   0.0000   0.0000   0.0000   0.0000   0.0000   0.0000   0.0000   0.0000   0.0000   0.0000   0.0000   0.0000   0.0000   0.0000
      40   46CALCIUM NIT-UREA         0.0000   0.0000   0.0000   0.0000   0.0000   0.0000   0.0000   0.0000   0.0000   0.0000   0.0000   0.0000   0.0000   0.0000   0.0000   0.0000   0.0000   0.0000   0.0000   0.0000
      41   50FERROUS AMM-SUL          0.0000   0.0000   0.0000   0.0000   0.0000   0.0000   0.0000   0.0000   0.0000   0.0000   0.0000   0.0000   0.0000   0.0000   0.0000   0.0000   0.0000   0.0000   0.0000   0.0000
      42   52MAGNE- SIUM NIT          0.0000   0.0000   0.0000   0.0000   0.0000   0.0000   0.0000   0.0000   0.0000   0.0000   0.0000   0.0000   0.0000   0.0000   0.0000   0.0000   0.0000   0.0000   0.0000   0.0000
      43   54NITRIC ACID              0.0000   0.0000   0.0000   0.0000   0.0000   0.0000   0.0000   0.0000   0.0000   0.0000   0.0000   0.0000   0.0000   0.0000   0.0000   0.0000   0.0000   0.0000   0.0000   0.0000
      44   56NITROGEN SOL <28%        0.0000   0.0000   0.0000   0.0000   0.0000   0.0000   0.0000   0.0000   0.0000   0.0000   0.0000   0.0000   0.0000   0.0000   0.0000   0.0000   0.0000   0.0000   0.0000   0.0000
      45   58NITROGEN SOL 28%         0.0000   0.0000   0.0000   0.0000   0.0000   0.0000   0.0000   0.0000   0.0000   0.0000   0.0000   0.0000   0.0000   0.0000   0.0000   0.0000   0.0000   0.0000   0.0000   0.0000
      46   59NITROGEN SOL 30%         0.0000   0.0000   0.0000   0.0000   0.0000   0.0000   0.0000   0.0000   0.0000   0.0000   0.0000   0.0000   0.0000   0.0000   0.0000   0.0000   0.0000   0.0000   0.0000   0.0000
      47   60NITROGEN SOL 32%         0.0000   0.0000   0.0000   0.0000   0.0000   0.0000   0.0000   0.0000   0.0000   0.0000   0.0000   0.0000   0.0000   0.0000   0.0000   0.1000   0.0000   0.0000   0.0000   0.1000
      48   61NITROGEN SOL >32%        0.0000   0.0000   0.0000   0.0000   0.0000   0.0000   0.0000   0.0000   0.0000   0.0000   0.0000   0.0000   0.0000   0.0000   0.0000   0.0000   0.0000   0.0000   0.0000   0.0000
      49   62SODIUM NITRATE           0.0000   0.0000   0.0000   0.0000   0.0000   0.0000   0.0000   0.0000   0.0000   0.0000   0.0000   0.0000   0.0000   0.0000   0.0000   0.0000   0.0000   0.0000   0.0000   0.0000
      50   64SUL CTD UREA             0.0000   0.0000   0.0000   0.0000   0.0000   0.0000   0.0000   0.0000   0.0000   0.0000   0.0000   0.0000   0.0000   0.0000   0.0000   0.0000   0.0000   0.0000   0.0000   0.0000
      51   66UREA                     0.2000   0.0000   0.0000   0.0000   0.2000   0.0000   0.0000   0.0000   0.0000   0.0000   0.2000   0.0000   0.0000   0.0000   0.2000   0.3000   0.0000   0.0000   0.0000   0.3000
      52   67UREA SOLUTION            0.0000   0.0000   0.0000   0.0000   0.0000   0.0000   0.0000   0.0000   0.0000   0.0000   0.0000   0.0000   0.0000   0.0000   0.0000   0.0000   0.0000   0.0000   0.0000   0.0000
      53   68UREA- FORM               0.0000   0.0000   0.0000   0.0000   0.0000   0.0000   0.0000   0.0000   0.0000   0.0000   0.0000   0.0000   0.0000   0.0000   0.0000   0.0000   0.0000   0.0000   0.0000   0.0000
      54   73ZINC AMM SUL SOL         0.0000   0.0000   0.0000   0.0000   0.0000   0.0000   0.0000   0.0000   0.0000   0.0000   0.0000   0.0000   0.0000   0.0000   0.0000   0.0000   0.0000   0.0000   0.0000   0.0000
      55   77ZINC MAN AMM SUL         0.0000   0.0000   0.0000   0.0000   0.0000   0.0000   0.0000   0.0000   0.0000   0.0000   0.0000   0.0000   0.0000   0.0000   0.0000   0.0000   0.0000   0.0000   0.0000   0.0000
      56  201AMMONIUM METAPHOS        0.0000   0.0000   0.0000   0.0000   0.0000   0.0000   0.0000   0.0000   0.0000   0.0000   0.0000   0.0000   0.0000   0.0000   0.0000   0.0000   0.0000   0.0000   0.0000   0.0000
      57  202AMMONIUM PHOS            0.0000   0.0000   0.0000   0.0000   0.0000   0.0000   0.0000   0.0000   0.0000   0.0000   0.0000   0.0000   0.0000   0.0000   0.0000   0.0000   0.0000   0.0000   0.0000   0.0000
      58  203DAP                      0.0114   0.0000   0.0000   0.0114   0.0000   0.0342   0.0000   0.0000   0.0190   0.0152   0.0333   0.0000   0.0000   0.0333   0.0000   0.0312   0.0312   0.0000   0.0000   0.0000
      59  204AMMONIUM POLY            0.0000   0.0000   0.0000   0.0000   0.0000   0.0000   0.0000   0.0000   0.0000   0.0000   0.0000   0.0000   0.0000   0.0000   0.0000   0.0000   0.0000   0.0000   0.0000   0.0000
      60  205LIME PHOS                0.0000   0.0000   0.0000   0.0000   0.0000   0.0000   0.0000   0.0000   0.0000   0.0000   0.0000   0.0000   0.0000   0.0000   0.0000   0.0000   0.0000   0.0000   0.0000   0.0000
      61  206AMM PHOS NITRATE         0.0000   0.0000   0.0000   0.0000   0.0000   0.0000   0.0000   0.0000   0.0000   0.0000   0.0000   0.0000   0.0000   0.0000   0.0000   0.0000   0.0000   0.0000   0.0000   0.0000
      62  207AMM PHOS SULFATE         0.0000   0.0000   0.0000   0.0000   0.0000   0.0000   0.0000   0.0000   0.0000   0.0000   0.0000   0.0000   0.0000   0.0000   0.0000   0.0000   0.0000   0.0000   0.0000   0.0000
      63  208BASIC SLAG               0.0000   0.0000   0.0000   0.0000   0.0000   0.0000   0.0000   0.0000   0.0000   0.0000   0.0000   0.0000   0.0000   0.0000   0.0000   0.0000   0.0000   0.0000   0.0000   0.0000
      64  209MONOAMM PHOS             0.0000   0.0000   0.0000   0.0000   0.0000   0.0000   0.0000   0.0000   0.0000   0.0000   0.0000   0.0000   0.0000   0.0000   0.0000   0.0000   0.0000   0.0000   0.0000   0.0000
      65  212BONE BLK SPENT           0.0000   0.0000   0.0000   0.0000   0.0000   0.0000   0.0000   0.0000   0.0000   0.0000   0.0000   0.0000   0.0000   0.0000   0.0000   0.0000   0.0000   0.0000   0.0000   0.0000
      66  214RAW BONE MEAL            0.0000   0.0000   0.0000   0.0000   0.0000   0.0000   0.0000   0.0000   0.0000   0.0000   0.0000   0.0000   0.0000   0.0000   0.0000   0.0000   0.0000   0.0000   0.0000   0.0000
      67  216STM BONE MEAL            0.0000   0.0000   0.0000   0.0000   0.0000   0.0000   0.0000   0.0000   0.0000   0.0000   0.0000   0.0000   0.0000   0.0000   0.0000   0.0000   0.0000   0.0000   0.0000   0.0000
      68  218BONE PRECIP              0.0000   0.0000   0.0000   0.0000   0.0000   0.0000   0.0000   0.0000   0.0000   0.0000   0.0000   0.0000   0.0000   0.0000   0.0000   0.0000   0.0000   0.0000   0.0000   0.0000
      69  223CALCIUM METAPHOS         0.0000   0.0000   0.0000   0.0000   0.0000   0.0000   0.0000   0.0000   0.0000   0.0000   0.0000   0.0000   0.0000   0.0000   0.0000   0.0000   0.0000   0.0000   0.0000   0.0000
      70  228COLLOID PHOS             0.0000   0.0000   0.0000   0.0000   0.0000   0.0000   0.0000   0.0000   0.0000   0.0000   0.0000   0.0000   0.0000   0.0000   0.0000   0.0000   0.0000   0.0000   0.0000   0.0000
      71  233PHOS LIMESTNE            0.0000   0.0000   0.0000   0.0000   0.0000   0.0000   0.0000   0.0000   0.0000   0.0000   0.0000   0.0000   0.0000   0.0000   0.0000   0.0000   0.0000   0.0000   0.0000   0.0000
      72  238MAG PHOS                 0.0000   0.0000   0.0000   0.0000   0.0000   0.0000   0.0000   0.0000   0.0000   0.0000   0.0000   0.0000   0.0000   0.0000   0.0000   0.0000   0.0000   0.0000   0.0000   0.0000
      73  241NITRIC PHOS              0.0000   0.0000   0.0000   0.0000   0.0000   0.0000   0.0000   0.0000   0.0000   0.0000   0.0000   0.0000   0.0000   0.0000   0.0000   0.0000   0.0000   0.0000   0.0000   0.0000
      74  243PHOS ROCK                0.0000   0.0000   0.0000   0.0000   0.0000   0.0000   0.0000   0.0000   0.0000   0.0000   0.0000   0.0000   0.0000   0.0000   0.0000   0.0000   0.0000   0.0000   0.0000   0.0000
      75  248PHOS ACID                0.0000   0.0000   0.0000   0.0000   0.0000   0.0000   0.0000   0.0000   0.0000   0.0000   0.0000   0.0000   0.0000   0.0000   0.0000   0.0000   0.0000   0.0000   0.0000   0.0000
      76  249LIQ AMM POLY             0.0000   0.0000   0.0000   0.0000   0.0000   0.0000   0.0000   0.0000   0.0000   0.0000   0.0000   0.0000   0.0000   0.0000   0.0000   0.0000   0.0000   0.0000   0.0000   0.0000
      77  253PRECIP PHOS              0.0000   0.0000   0.0000   0.0000   0.0000   0.0000   0.0000   0.0000   0.0000   0.0000   0.0000   0.0000   0.0000   0.0000   0.0000   0.0000   0.0000   0.0000   0.0000   0.0000
      78  263NORMAL SUPER             0.0000   0.0000   0.0000   0.0000   0.0000   0.0000   0.0000   0.0000   0.0000   0.0000   0.0000   0.0000   0.0000   0.0000   0.0000   0.0000   0.0000   0.0000   0.0000   0.0000
      79  265ENRICHED SUPER           0.0000   0.0000   0.0000   0.0000   0.0000   0.0000   0.0000   0.0000   0.0000   0.0000   0.0000   0.0000   0.0000   0.0000   0.0000   0.0000   0.0000   0.0000   0.0000   0.0000
      80  267TRIPLE SUPER             0.0000   0.0000   0.0000   0.0000   0.0000   0.0000   0.0000   0.0000   0.0000   0.0000   0.0000   0.0000   0.0000   0.0000   0.0000   0.0000   0.0000   0.0000   0.0000   0.0000
      81  273SUPER PHOS ACD           0.0000   0.0000   0.0000   0.0000   0.0000   0.0000   0.0000   0.0000   0.0000   0.0000   0.0000   0.0000   0.0000   0.0000   0.0000   0.0000   0.0000   0.0000   0.0000   0.0000
      82  297PHOS NO CODE             0.0000   0.0000   0.0000   0.0000   0.0000   0.0000   0.0000   0.0000   0.0000   0.0000   0.0000   0.0000   0.0000   0.0000   0.0000   0.0000   0.0000   0.0000   0.0000   0.0000
      83  298PHOS NO ID               0.0000   0.0000   0.0000   0.0000   0.0000   0.0000   0.0000   0.0000   0.0000   0.0000   0.0000   0.0000   0.0000   0.0000   0.0000   0.0000   0.0000   0.0000   0.0000   0.0000
                                          22       22       22       22       22       24       24       24       24       24       26       26       26       26       26       58       58       58       58       58
Crop                               Hay      Hay      Hay      Hay      Hay      Alfalfa  Alfalfa  Alfalfa  Alfalfa  Alfalfa  Other_GraOther_GraOther_GraOther_GraOther_GraOther_CroOther_CroOther_CroOther_CroOther_Crop
Time pd                            Total    Fall-befoSpring wiSpring-beAfter plaTotal    Fall-befoSpring wiSpring-beAfter plaTotal    Fall-befoSpring wiSpring-beAfter plaTotal    Fall-befoSpring wiSpring-beAfter plant automatic
Spring                                     0        0        1        1        1        0        0        1        1        1        0        0        1        1        1        0        0        1        1        1
Fall                                       0        1        0        0        0        0        1        0        0        0        0        1        0        0        0        0        1        0        0        0
Total                                   0.71     0.10     0.00     0.41     0.20     0.03     0.00     0.00     0.02     0.02     0.73     0.10     0.00     0.43     0.20     1.03     0.03     0.00     0.60     0.40
BELD4#                                    28       28       28       28       28       30       30       30       30       30       32       32       32       32       32       34       34       34       34       34
Crop                               Barley   Barley   Barley   Barley   Barley   BeansEd  BeansEd  BeansEd  BeansEd  BeansEd  CornG    CornG    CornG    CornG    CornG    CornS    CornS    CornS    CornS    CornS
Time pd                            Total    Fpre+plt S-Fall plS-pre&pltPostpltAuTotal    Fpre+plt S-Fall plS-pre&pltPostpltAuTotal    Fpre+plt S-Fall plS-pre&pltPostpltAuTotal    Fpre+plt S-Fall plS-pre&pltPostpltAu
Spring                                0.0000   0.0000   1.0000   1.0000   1.0000   0.0000   0.0000   1.0000   1.0000   1.0000   0.0000   0.0000   1.0000   1.0000   1.0000   0.0000   0.0000   1.0000   1.0000   1.0000
Fall                                  0.0000   1.0000   0.0000   0.0000   0.0000   0.0000   1.0000   0.0000   0.0000   0.0000   0.0000   1.0000   0.0000   0.0000   0.0000   0.0000   1.0000   0.0000   0.0000   0.0000
EPIC#   Fert#NAME                     0.0000   0.0000   0.0000   0.0000   0.0000   0.0000   0.0000   0.0000   0.0000   0.0000   0.0000   0.0000   0.0000   0.0000   0.0000   0.0000   0.0000   0.0000   0.0000   0.0000
      22    1IDENTIFIED BY GRADE      0.6500   0.0000   0.0000   0.6500   0.0000   0.0000   0.0000   0.0000   0.0000   0.0000   0.1000   0.0000   0.0000   0.1000   0.0000   0.3000   0.0000   0.0000   0.3000   0.0000
      25    2ANHY AMMONIA             0.0000   0.0000   0.0000   0.0000   0.0000   0.0000   0.0000   0.0000   0.0000   0.0000   0.2500   0.0000   0.0000   0.2500   0.0000   0.3000   0.0000   0.0000   0.3000   0.0000
      26    6AQUA AMMONIA             0.0000   0.0000   0.0000   0.0000   0.0000   0.0000   0.0000   0.0000   0.0000   0.0000   0.0000   0.0000   0.0000   0.0000   0.0000   0.0000   0.0000   0.0000   0.0000   0.0000
      27   10AMMONIUM NITRATE         0.0000   0.0000   0.0000   0.0000   0.0000   0.7500   0.0000   0.0000   0.7500   0.0000   0.1500   0.0000   0.0000   0.1500   0.0000   0.0000   0.0000   0.0000   0.0000   0.0000
      28   12AMM NIT SOLUTION         0.0000   0.0000   0.0000   0.0000   0.0000   0.0000   0.0000   0.0000   0.0000   0.0000   0.0000   0.0000   0.0000   0.0000   0.0000   0.0000   0.0000   0.0000   0.0000   0.0000
      29   13AMM NIT LIME MIX         0.0000   0.0000   0.0000   0.0000   0.0000   0.0000   0.0000   0.0000   0.0000   0.0000   0.0000   0.0000   0.0000   0.0000   0.0000   0.0000   0.0000   0.0000   0.0000   0.0000
      30   16AMMONIUM NIT-SUL         0.0000   0.0000   0.0000   0.0000   0.0000   0.0000   0.0000   0.0000   0.0000   0.0000   0.0000   0.0000   0.0000   0.0000   0.0000   0.0000   0.0000   0.0000   0.0000   0.0000
      31   20AMMONIUM POLYSULF        0.0000   0.0000   0.0000   0.0000   0.0000   0.0000   0.0000   0.0000   0.0000   0.0000   0.0000   0.0000   0.0000   0.0000   0.0000   0.0000   0.0000   0.0000   0.0000   0.0000
      32   24AMMONIUM SULFATE         0.0000   0.0000   0.0000   0.0000   0.0000   0.0000   0.0000   0.0000   0.0000   0.0000   0.0000   0.0000   0.0000   0.0000   0.0000   0.0000   0.0000   0.0000   0.0000   0.0000
      33   25AMM SUL SOLUTION         0.0000   0.0000   0.0000   0.0000   0.0000   0.0000   0.0000   0.0000   0.0000   0.0000   0.0000   0.0000   0.0000   0.0000   0.0000   0.0000   0.0000   0.0000   0.0000   0.0000
      34   27AMMONIUM SUL-NIT         0.0000   0.0000   0.0000   0.0000   0.0000   0.0000   0.0000   0.0000   0.0000   0.0000   0.0000   0.0000   0.0000   0.0000   0.0000   0.0000   0.0000   0.0000   0.0000   0.0000
      35   29AMMONIUM SUL-UREA        0.0000   0.0000   0.0000   0.0000   0.0000   0.0000   0.0000   0.0000   0.0000   0.0000   0.0000   0.0000   0.0000   0.0000   0.0000   0.0000   0.0000   0.0000   0.0000   0.0000
      36   31AMMONIUM THIOSUL         0.0000   0.0000   0.0000   0.0000   0.0000   0.0000   0.0000   0.0000   0.0000   0.0000   0.0000   0.0000   0.0000   0.0000   0.0000   0.0000   0.0000   0.0000   0.0000   0.0000
      37   35CALCIUM AMM NIT          0.0000   0.0000   0.0000   0.0000   0.0000   0.0000   0.0000   0.0000   0.0000   0.0000   0.0000   0.0000   0.0000   0.0000   0.0000   0.0000   0.0000   0.0000   0.0000   0.0000
      38   38CALCIUM CYANAM           0.0000   0.0000   0.0000   0.0000   0.0000   0.0000   0.0000   0.0000   0.0000   0.0000   0.0000   0.0000   0.0000   0.0000   0.0000   0.0000   0.0000   0.0000   0.0000   0.0000
      39   43CALCIUM NITRATE          0.0000   0.0000   0.0000   0.0000   0.0000   0.0000   0.0000   0.0000   0.0000   0.0000   0.0000   0.0000   0.0000   0.0000   0.0000   0.0000   0.0000   0.0000   0.0000   0.0000
      40   46CALCIUM NIT-UREA         0.0000   0.0000   0.0000   0.0000   0.0000   0.0000   0.0000   0.0000   0.0000   0.0000   0.0000   0.0000   0.0000   0.0000   0.0000   0.0000   0.0000   0.0000   0.0000   0.0000
      41   50FERROUS AMM-SUL          0.0000   0.0000   0.0000   0.0000   0.0000   0.0000   0.0000   0.0000   0.0000   0.0000   0.0000   0.0000   0.0000   0.0000   0.0000   0.0000   0.0000   0.0000   0.0000   0.0000
      42   52MAGNE- SIUM NIT          0.0000   0.0000   0.0000   0.0000   0.0000   0.0000   0.0000   0.0000   0.0000   0.0000   0.0000   0.0000   0.0000   0.0000   0.0000   0.0000   0.0000   0.0000   0.0000   0.0000
      43   54NITRIC ACID              0.0000   0.0000   0.0000   0.0000   0.0000   0.0000   0.0000   0.0000   0.0000   0.0000   0.0000   0.0000   0.0000   0.0000   0.0000   0.0000   0.0000   0.0000   0.0000   0.0000
      44   56NITROGEN SOL <28%        0.0000   0.0000   0.0000   0.0000   0.0000   0.0000   0.0000   0.0000   0.0000   0.0000   0.0000   0.0000   0.0000   0.0000   0.0000   0.0000   0.0000   0.0000   0.0000   0.0000
      45   58NITROGEN SOL 28%         0.0000   0.0000   0.0000   0.0000   0.0000   0.0000   0.0000   0.0000   0.0000   0.0000   0.0000   0.0000   0.0000   0.0000   0.0000   0.0000   0.0000   0.0000   0.0000   0.0000
      46   59NITROGEN SOL 30%         0.1500   0.0000   0.0000   0.0000   0.1500   0.0000   0.0000   0.0000   0.0000   0.0000   0.2000   0.0000   0.0000   0.0000   0.2000   0.2000   0.0000   0.0000   0.0000   0.2000
      47   60NITROGEN SOL 32%         0.0000   0.0000   0.0000   0.0000   0.0000   0.0000   0.0000   0.0000   0.0000   0.0000   0.1000   0.0000   0.0000   0.0000   0.1000   0.0000   0.0000   0.0000   0.0000   0.0000
      48   61NITROGEN SOL >32%        0.0000   0.0000   0.0000   0.0000   0.0000   0.0000   0.0000   0.0000   0.0000   0.0000   0.0000   0.0000   0.0000   0.0000   0.0000   0.0000   0.0000   0.0000   0.0000   0.0000
      49   62SODIUM NITRATE           0.0000   0.0000   0.0000   0.0000   0.0000   0.0000   0.0000   0.0000   0.0000   0.0000   0.0000   0.0000   0.0000   0.0000   0.0000   0.0000   0.0000   0.0000   0.0000   0.0000
      50   64SUL CTD UREA             0.0000   0.0000   0.0000   0.0000   0.0000   0.0000   0.0000   0.0000   0.0000   0.0000   0.0000   0.0000   0.0000   0.0000   0.0000   0.0000   0.0000   0.0000   0.0000   0.0000
      51   66UREA                     0.1000   0.0000   0.0000   0.0000   0.1000   0.2000   0.0000   0.0000   0.0000   0.2000   0.1000   0.0000   0.0000   0.1000   0.0000   0.0000   0.0000   0.0000   0.0000   0.0000
      52   67UREA SOLUTION            0.0000   0.0000   0.0000   0.0000   0.0000   0.0000   0.0000   0.0000   0.0000   0.0000   0.0000   0.0000   0.0000   0.0000   0.0000   0.0000   0.0000   0.0000   0.0000   0.0000
      53   68UREA- FORM               0.0000   0.0000   0.0000   0.0000   0.0000   0.0000   0.0000   0.0000   0.0000   0.0000   0.0000   0.0000   0.0000   0.0000   0.0000   0.0000   0.0000   0.0000   0.0000   0.0000
      54   73ZINC AMM SUL SOL         0.0000   0.0000   0.0000   0.0000   0.0000   0.0000   0.0000   0.0000   0.0000   0.0000   0.0000   0.0000   0.0000   0.0000   0.0000   0.0000   0.0000   0.0000   0.0000   0.0000
      55   77ZINC MAN AMM SUL         0.0000   0.0000   0.0000   0.0000   0.0000   0.0000   0.0000   0.0000   0.0000   0.0000   0.0000   0.0000   0.0000   0.0000   0.0000   0.0000   0.0000   0.0000   0.0000   0.0000
      56  201AMMONIUM METAPHOS        0.0000   0.0000   0.0000   0.0000   0.0000   0.0000   0.0000   0.0000   0.0000   0.0000   0.0000   0.0000   0.0000   0.0000   0.0000   0.0000   0.0000   0.0000   0.0000   0.0000
      57  202AMMONIUM PHOS            0.0000   0.0000   0.0000   0.0000   0.0000   0.0000   0.0000   0.0000   0.0000   0.0000   0.0000   0.0000   0.0000   0.0000   0.0000   0.0000   0.0000   0.0000   0.0000   0.0000
      58  203DAP                      0.1675   0.0000   0.0000   0.1489   0.0186   0.0871   0.0387   0.0000   0.0484   0.0000   0.0812   0.0437   0.0000   0.0375   0.0000   0.1009   0.0252   0.0000   0.0000   0.0757
      59  204AMMONIUM POLY            0.0000   0.0000   0.0000   0.0000   0.0000   0.0000   0.0000   0.0000   0.0000   0.0000   0.0000   0.0000   0.0000   0.0000   0.0000   0.0000   0.0000   0.0000   0.0000   0.0000
      60  205LIME PHOS                0.0000   0.0000   0.0000   0.0000   0.0000   0.0000   0.0000   0.0000   0.0000   0.0000   0.0000   0.0000   0.0000   0.0000   0.0000   0.0000   0.0000   0.0000   0.0000   0.0000
      61  206AMM PHOS NITRATE         0.0000   0.0000   0.0000   0.0000   0.0000   0.0000   0.0000   0.0000   0.0000   0.0000   0.0000   0.0000   0.0000   0.0000   0.0000   0.0000   0.0000   0.0000   0.0000   0.0000
      62  207AMM PHOS SULFATE         0.0000   0.0000   0.0000   0.0000   0.0000   0.0000   0.0000   0.0000   0.0000   0.0000   0.0000   0.0000   0.0000   0.0000   0.0000   0.0000   0.0000   0.0000   0.0000   0.0000
      63  208BASIC SLAG               0.0000   0.0000   0.0000   0.0000   0.0000   0.0000   0.0000   0.0000   0.0000   0.0000   0.0000   0.0000   0.0000   0.0000   0.0000   0.0000   0.0000   0.0000   0.0000   0.0000
      64  209MONOAMM PHOS             0.0000   0.0000   0.0000   0.0000   0.0000   0.0000   0.0000   0.0000   0.0000   0.0000   0.0000   0.0000   0.0000   0.0000   0.0000   0.0000   0.0000   0.0000   0.0000   0.0000
      65  212BONE BLK SPENT           0.0000   0.0000   0.0000   0.0000   0.0000   0.0000   0.0000   0.0000   0.0000   0.0000   0.0000   0.0000   0.0000   0.0000   0.0000   0.0000   0.0000   0.0000   0.0000   0.0000
      66  214RAW BONE MEAL            0.0000   0.0000   0.0000   0.0000   0.0000   0.0000   0.0000   0.0000   0.0000   0.0000   0.0000   0.0000   0.0000   0.0000   0.0000   0.0000   0.0000   0.0000   0.0000   0.0000
      67  216STM BONE MEAL            0.0000   0.0000   0.0000   0.0000   0.0000   0.0000   0.0000   0.0000   0.0000   0.0000   0.0000   0.0000   0.0000   0.0000   0.0000   0.0000   0.0000   0.0000   0.0000   0.0000
      68  218BONE PRECIP              0.0000   0.0000   0.0000   0.0000   0.0000   0.0000   0.0000   0.0000   0.0000   0.0000   0.0000   0.0000   0.0000   0.0000   0.0000   0.0000   0.0000   0.0000   0.0000   0.0000
      69  223CALCIUM METAPHOS         0.0000   0.0000   0.0000   0.0000   0.0000   0.0000   0.0000   0.0000   0.0000   0.0000   0.0000   0.0000   0.0000   0.0000   0.0000   0.0000   0.0000   0.0000   0.0000   0.0000
      70  228COLLOID PHOS             0.0000   0.0000   0.0000   0.0000   0.0000   0.0000   0.0000   0.0000   0.0000   0.0000   0.0000   0.0000   0.0000   0.0000   0.0000   0.0000   0.0000   0.0000   0.0000   0.0000
      71  233PHOS LIMESTNE            0.0000   0.0000   0.0000   0.0000   0.0000   0.0000   0.0000   0.0000   0.0000   0.0000   0.0000   0.0000   0.0000   0.0000   0.0000   0.0000   0.0000   0.0000   0.0000   0.0000
      72  238MAG PHOS                 0.0000   0.0000   0.0000   0.0000   0.0000   0.0000   0.0000   0.0000   0.0000   0.0000   0.0000   0.0000   0.0000   0.0000   0.0000   0.0000   0.0000   0.0000   0.0000   0.0000
      73  241NITRIC PHOS              0.0000   0.0000   0.0000   0.0000   0.0000   0.0000   0.0000   0.0000   0.0000   0.0000   0.0000   0.0000   0.0000   0.0000   0.0000   0.0000   0.0000   0.0000   0.0000   0.0000
      74  243PHOS ROCK                0.0000   0.0000   0.0000   0.0000   0.0000   0.0000   0.0000   0.0000   0.0000   0.0000   0.0000   0.0000   0.0000   0.0000   0.0000   0.0000   0.0000   0.0000   0.0000   0.0000
      75  248PHOS ACID                0.0000   0.0000   0.0000   0.0000   0.0000   0.0000   0.0000   0.0000   0.0000   0.0000   0.0000   0.0000   0.0000   0.0000   0.0000   0.0000   0.0000   0.0000   0.0000   0.0000
      76  249LIQ AMM POLY             0.0000   0.0000   0.0000   0.0000   0.0000   0.0073   0.0000   0.0000   0.0000   0.0073   0.0000   0.0000   0.0000   0.0000   0.0000   0.0000   0.0000   0.0000   0.0000   0.0000
      77  253PRECIP PHOS              0.0000   0.0000   0.0000   0.0000   0.0000   0.0000   0.0000   0.0000   0.0000   0.0000   0.0000   0.0000   0.0000   0.0000   0.0000   0.0000   0.0000   0.0000   0.0000   0.0000
      78  263NORMAL SUPER             0.0000   0.0000   0.0000   0.0000   0.0000   0.0000   0.0000   0.0000   0.0000   0.0000   0.0000   0.0000   0.0000   0.0000   0.0000   0.0000   0.0000   0.0000   0.0000   0.0000
      79  265ENRICHED SUPER           0.0000   0.0000   0.0000   0.0000   0.0000   0.0000   0.0000   0.0000   0.0000   0.0000   0.0000   0.0000   0.0000   0.0000   0.0000   0.0000   0.0000   0.0000   0.0000   0.0000
      80  267TRIPLE SUPER             0.0000   0.0000   0.0000   0.0000   0.0000   0.0000   0.0000   0.0000   0.0000   0.0000   0.0000   0.0000   0.0000   0.0000   0.0000   0.0000   0.0000   0.0000   0.0000   0.0000
      81  273SUPER PHOS ACD           0.0000   0.0000   0.0000   0.0000   0.0000   0.0000   0.0000   0.0000   0.0000   0.0000   0.0000   0.0000   0.0000   0.0000   0.0000   0.0000   0.0000   0.0000   0.0000   0.0000
      82  297PHOS NO CODE             0.0000   0.0000   0.0000   0.0000   0.0000   0.0000   0.0000   0.0000   0.0000   0.0000   0.0000   0.0000   0.0000   0.0000   0.0000   0.0000   0.0000   0.0000   0.0000   0.0000
      83  298PHOS NO ID               0.0000   0.0000   0.0000   0.0000   0.0000   0.0000   0.0000   0.0000   0.0000   0.0000   0.0000   0.0000   0.0000   0.0000   0.0000   0.0000   0.0000   0.0000   0.0000   0.0000
                                     28.0000  28.0000  28.0000  28.0000  28.0000  30.0000  30.0000  30.0000  30.0000  30.0000  32.0000  32.0000  32.0000  32.0000  32.0000  34.0000  34.0000  34.0000  34.0000  34.0000
Crop                               Barley   Barley   Barley   Barley   Barley   BeansEdibBeansEdibBeansEdibBeansEdibBeansEdibCornGrainCornGrainCornGrainCornGrainCornGrainCornSilagCornSilagCornSilagCornSilagCornSilage
Time pd                            Total    Fall-befoSpring wiSpring-beAfter plaTotal    Fall-befoSpring wiSpring-beAfter plaTotal    Fall-befoSpring wiSpring-beAfter plaTotal    Fall-befoSpring wiSpring-beAfter plant automatic
Spring                                0.0000   0.0000   1.0000   1.0000   1.0000   0.0000   0.0000   1.0000   1.0000   1.0000   0.0000   0.0000   1.0000   1.0000   1.0000   0.0000   0.0000   1.0000   1.0000   1.0000
Fall                                  0.0000   1.0000   0.0000   0.0000   0.0000   0.0000   1.0000   0.0000   0.0000   0.0000   0.0000   1.0000   0.0000   0.0000   0.0000   0.0000   1.0000   0.0000   0.0000   0.0000
Total                                 1.0675   0.0000   0.0000   0.7989   0.2686   1.0443   0.0387   0.0000   0.7984   0.2073   0.9812   0.0437   0.0000   0.6375   0.3000   0.9009   0.0252   0.0000   0.6000   0.2757
BELD4#                                    36       36       36       36       36       38       38       38       38       38       40       40       40       40       40       42       42       42       42       42
Crop                               Cotton   Cotton   Cotton   Cotton   Cotton   Oats     Oats     Oats     Oats     Oats     Peanuts  Peanuts  Peanuts  Peanuts  Peanuts  Potato   Potato   Potato   Potato   Potato
Time pd                            Total    Fpre+plt S-Fall plS-pre&pltPostpltAuTotal    Fpre+plt S-Fall plS-pre&pltPostpltAuTotal    Fpre+plt S-Fall plS-pre&pltPostpltAuTotal    Fpre+plt S-Fall plS-pre&pltPostpltAu
Spring                                     0        0        1        1        1        0        0        1        1        1        0        0        1        1        1        0        0        1        1        1
Fall                                       0        1        0        0        0        0        1        0        0        0        0        1        0        0        0        0        1        0        0        0
EPIC#   Fert#NAME                          0        0        0        0        0        0        0        0        0        0        0        0        0        0        0        0        0        0        0        0
      22    1IDENTIFIED BY GRADE      0.7000   0.0000   0.0000   0.7000   0.0000   0.6500   0.0000   0.0000   0.6500   0.0000   0.6000   0.0000   0.0000   0.6000   0.0000   0.0000   0.0000   0.0000   0.0000   0.0000
      25    2ANHY AMMONIA             0.0000   0.0000   0.0000   0.0000   0.0000   0.0000   0.0000   0.0000   0.0000   0.0000   0.0000   0.0000   0.0000   0.0000   0.0000   0.0000   0.0000   0.0000   0.0000   0.0000
      26    6AQUA AMMONIA             0.0000   0.0000   0.0000   0.0000   0.0000   0.0000   0.0000   0.0000   0.0000   0.0000   0.0000   0.0000   0.0000   0.0000   0.0000   0.0000   0.0000   0.0000   0.0000   0.0000
      27   10AMMONIUM NITRATE         0.0500   0.0000   0.0000   0.0500   0.0000   0.0000   0.0000   0.0000   0.0000   0.0000   0.0000   0.0000   0.0000   0.0000   0.0000   0.3500   0.0000   0.0000   0.3500   0.0000
      28   12AMM NIT SOLUTION         0.0000   0.0000   0.0000   0.0000   0.0000   0.0000   0.0000   0.0000   0.0000   0.0000   0.0000   0.0000   0.0000   0.0000   0.0000   0.0000   0.0000   0.0000   0.0000   0.0000
      29   13AMM NIT LIME MIX         0.0000   0.0000   0.0000   0.0000   0.0000   0.0000   0.0000   0.0000   0.0000   0.0000   0.0000   0.0000   0.0000   0.0000   0.0000   0.0000   0.0000   0.0000   0.0000   0.0000
      30   16AMMONIUM NIT-SUL         0.0000   0.0000   0.0000   0.0000   0.0000   0.0000   0.0000   0.0000   0.0000   0.0000   0.0000   0.0000   0.0000   0.0000   0.0000   0.0000   0.0000   0.0000   0.0000   0.0000
      31   20AMMONIUM POLYSULF        0.0000   0.0000   0.0000   0.0000   0.0000   0.0000   0.0000   0.0000   0.0000   0.0000   0.0000   0.0000   0.0000   0.0000   0.0000   0.0000   0.0000   0.0000   0.0000   0.0000
      32   24AMMONIUM SULFATE         0.0000   0.0000   0.0000   0.0000   0.0000   0.0000   0.0000   0.0000   0.0000   0.0000   0.0000   0.0000   0.0000   0.0000   0.0000   0.0000   0.0000   0.0000   0.0000   0.0000
      33   25AMM SUL SOLUTION         0.0000   0.0000   0.0000   0.0000   0.0000   0.0000   0.0000   0.0000   0.0000   0.0000   0.0000   0.0000   0.0000   0.0000   0.0000   0.0000   0.0000   0.0000   0.0000   0.0000
      34   27AMMONIUM SUL-NIT         0.0000   0.0000   0.0000   0.0000   0.0000   0.0000   0.0000   0.0000   0.0000   0.0000   0.0000   0.0000   0.0000   0.0000   0.0000   0.0000   0.0000   0.0000   0.0000   0.0000
      35   29AMMONIUM SUL-UREA        0.0000   0.0000   0.0000   0.0000   0.0000   0.0000   0.0000   0.0000   0.0000   0.0000   0.0000   0.0000   0.0000   0.0000   0.0000   0.0000   0.0000   0.0000   0.0000   0.0000
      36   31AMMONIUM THIOSUL         0.0000   0.0000   0.0000   0.0000   0.0000   0.0000   0.0000   0.0000   0.0000   0.0000   0.0000   0.0000   0.0000   0.0000   0.0000   0.0000   0.0000   0.0000   0.0000   0.0000
      37   35CALCIUM AMM NIT          0.0000   0.0000   0.0000   0.0000   0.0000   0.0000   0.0000   0.0000   0.0000   0.0000   0.0000   0.0000   0.0000   0.0000   0.0000   0.0000   0.0000   0.0000   0.0000   0.0000
      38   38CALCIUM CYANAM           0.0000   0.0000   0.0000   0.0000   0.0000   0.0000   0.0000   0.0000   0.0000   0.0000   0.0000   0.0000   0.0000   0.0000   0.0000   0.0000   0.0000   0.0000   0.0000   0.0000
      39   43CALCIUM NITRATE          0.0000   0.0000   0.0000   0.0000   0.0000   0.0000   0.0000   0.0000   0.0000   0.0000   0.0000   0.0000   0.0000   0.0000   0.0000   0.0000   0.0000   0.0000   0.0000   0.0000
      40   46CALCIUM NIT-UREA         0.0000   0.0000   0.0000   0.0000   0.0000   0.0000   0.0000   0.0000   0.0000   0.0000   0.0000   0.0000   0.0000   0.0000   0.0000   0.0000   0.0000   0.0000   0.0000   0.0000
      41   50FERROUS AMM-SUL          0.0000   0.0000   0.0000   0.0000   0.0000   0.0000   0.0000   0.0000   0.0000   0.0000   0.0000   0.0000   0.0000   0.0000   0.0000   0.0000   0.0000   0.0000   0.0000   0.0000
      42   52MAGNE- SIUM NIT          0.0000   0.0000   0.0000   0.0000   0.0000   0.0000   0.0000   0.0000   0.0000   0.0000   0.0000   0.0000   0.0000   0.0000   0.0000   0.0000   0.0000   0.0000   0.0000   0.0000
      43   54NITRIC ACID              0.0000   0.0000   0.0000   0.0000   0.0000   0.0000   0.0000   0.0000   0.0000   0.0000   0.0000   0.0000   0.0000   0.0000   0.0000   0.0000   0.0000   0.0000   0.0000   0.0000
      44   56NITROGEN SOL <28%        0.0000   0.0000   0.0000   0.0000   0.0000   0.0000   0.0000   0.0000   0.0000   0.0000   0.0000   0.0000   0.0000   0.0000   0.0000   0.0000   0.0000   0.0000   0.0000   0.0000
      45   58NITROGEN SOL 28%         0.0000   0.0000   0.0000   0.0000   0.0000   0.0000   0.0000   0.0000   0.0000   0.0000   0.0000   0.0000   0.0000   0.0000   0.0000   0.0000   0.0000   0.0000   0.0000   0.0000
      46   59NITROGEN SOL 30%         0.0000   0.0000   0.0000   0.0000   0.0000   0.0000   0.0000   0.0000   0.0000   0.0000   0.0000   0.0000   0.0000   0.0000   0.0000   0.0000   0.0000   0.0000   0.0000   0.0000
      47   60NITROGEN SOL 32%         0.2500   0.0000   0.0000   0.0000   0.2500   0.0000   0.0000   0.0000   0.0000   0.0000   0.3500   0.0000   0.0000   0.3500   0.0000   0.6000   0.0000   0.0000   0.0000   0.6000
      48   61NITROGEN SOL >32%        0.0000   0.0000   0.0000   0.0000   0.0000   0.0000   0.0000   0.0000   0.0000   0.0000   0.0000   0.0000   0.0000   0.0000   0.0000   0.0000   0.0000   0.0000   0.0000   0.0000
      49   62SODIUM NITRATE           0.0000   0.0000   0.0000   0.0000   0.0000   0.0000   0.0000   0.0000   0.0000   0.0000   0.0000   0.0000   0.0000   0.0000   0.0000   0.0000   0.0000   0.0000   0.0000   0.0000
      50   64SUL CTD UREA             0.0000   0.0000   0.0000   0.0000   0.0000   0.0000   0.0000   0.0000   0.0000   0.0000   0.0000   0.0000   0.0000   0.0000   0.0000   0.0000   0.0000   0.0000   0.0000   0.0000
      51   66UREA                     0.0000   0.0000   0.0000   0.0000   0.0000   0.2000   0.0000   0.0000   0.0000   0.2000   0.0000   0.0000   0.0000   0.0000   0.0000   0.0500   0.0000   0.0000   0.0000   0.0500
      52   67UREA SOLUTION            0.0000   0.0000   0.0000   0.0000   0.0000   0.0000   0.0000   0.0000   0.0000   0.0000   0.0000   0.0000   0.0000   0.0000   0.0000   0.0000   0.0000   0.0000   0.0000   0.0000
      53   68UREA- FORM               0.0000   0.0000   0.0000   0.0000   0.0000   0.0000   0.0000   0.0000   0.0000   0.0000   0.0000   0.0000   0.0000   0.0000   0.0000   0.0000   0.0000   0.0000   0.0000   0.0000
      54   73ZINC AMM SUL SOL         0.0000   0.0000   0.0000   0.0000   0.0000   0.0000   0.0000   0.0000   0.0000   0.0000   0.0000   0.0000   0.0000   0.0000   0.0000   0.0000   0.0000   0.0000   0.0000   0.0000
      55   77ZINC MAN AMM SUL         0.0000   0.0000   0.0000   0.0000   0.0000   0.0000   0.0000   0.0000   0.0000   0.0000   0.0000   0.0000   0.0000   0.0000   0.0000   0.0000   0.0000   0.0000   0.0000   0.0000
      56  201AMMONIUM METAPHOS        0.0000   0.0000   0.0000   0.0000   0.0000   0.0000   0.0000   0.0000   0.0000   0.0000   0.0000   0.0000   0.0000   0.0000   0.0000   0.0000   0.0000   0.0000   0.0000   0.0000
      57  202AMMONIUM PHOS            0.0000   0.0000   0.0000   0.0000   0.0000   0.0000   0.0000   0.0000   0.0000   0.0000   0.0000   0.0000   0.0000   0.0000   0.0000   0.0000   0.0000   0.0000   0.0000   0.0000
      58  203DAP                      0.0274   0.0137   0.0000   0.0000   0.0137   0.1562   0.0000   0.0000   0.1388   0.0174   0.0204   0.0204   0.0000   0.0000   0.0000   0.0000   0.0000   0.0000   0.0000   0.0000
      59  204AMMONIUM POLY            0.0000   0.0000   0.0000   0.0000   0.0000   0.0000   0.0000   0.0000   0.0000   0.0000   0.0000   0.0000   0.0000   0.0000   0.0000   0.0000   0.0000   0.0000   0.0000   0.0000
      60  205LIME PHOS                0.0000   0.0000   0.0000   0.0000   0.0000   0.0000   0.0000   0.0000   0.0000   0.0000   0.0000   0.0000   0.0000   0.0000   0.0000   0.0000   0.0000   0.0000   0.0000   0.0000
      61  206AMM PHOS NITRATE         0.0000   0.0000   0.0000   0.0000   0.0000   0.0000   0.0000   0.0000   0.0000   0.0000   0.0000   0.0000   0.0000   0.0000   0.0000   0.0000   0.0000   0.0000   0.0000   0.0000
      62  207AMM PHOS SULFATE         0.0000   0.0000   0.0000   0.0000   0.0000   0.0000   0.0000   0.0000   0.0000   0.0000   0.0000   0.0000   0.0000   0.0000   0.0000   0.0000   0.0000   0.0000   0.0000   0.0000
      63  208BASIC SLAG               0.0000   0.0000   0.0000   0.0000   0.0000   0.0000   0.0000   0.0000   0.0000   0.0000   0.0000   0.0000   0.0000   0.0000   0.0000   0.0000   0.0000   0.0000   0.0000   0.0000
      64  209MONOAMM PHOS             0.0000   0.0000   0.0000   0.0000   0.0000   0.0000   0.0000   0.0000   0.0000   0.0000   0.0000   0.0000   0.0000   0.0000   0.0000   0.0000   0.0000   0.0000   0.0000   0.0000
      65  212BONE BLK SPENT           0.0000   0.0000   0.0000   0.0000   0.0000   0.0000   0.0000   0.0000   0.0000   0.0000   0.0000   0.0000   0.0000   0.0000   0.0000   0.0000   0.0000   0.0000   0.0000   0.0000
      66  214RAW BONE MEAL            0.0000   0.0000   0.0000   0.0000   0.0000   0.0000   0.0000   0.0000   0.0000   0.0000   0.0000   0.0000   0.0000   0.0000   0.0000   0.0000   0.0000   0.0000   0.0000   0.0000
      67  216STM BONE MEAL            0.0000   0.0000   0.0000   0.0000   0.0000   0.0000   0.0000   0.0000   0.0000   0.0000   0.0000   0.0000   0.0000   0.0000   0.0000   0.0000   0.0000   0.0000   0.0000   0.0000
      68  218BONE PRECIP              0.0000   0.0000   0.0000   0.0000   0.0000   0.0000   0.0000   0.0000   0.0000   0.0000   0.0000   0.0000   0.0000   0.0000   0.0000   0.0000   0.0000   0.0000   0.0000   0.0000
      69  223CALCIUM METAPHOS         0.0000   0.0000   0.0000   0.0000   0.0000   0.0000   0.0000   0.0000   0.0000   0.0000   0.0000   0.0000   0.0000   0.0000   0.0000   0.0000   0.0000   0.0000   0.0000   0.0000
      70  228COLLOID PHOS             0.0000   0.0000   0.0000   0.0000   0.0000   0.0000   0.0000   0.0000   0.0000   0.0000   0.0000   0.0000   0.0000   0.0000   0.0000   0.0000   0.0000   0.0000   0.0000   0.0000
      71  233PHOS LIMESTNE            0.0000   0.0000   0.0000   0.0000   0.0000   0.0000   0.0000   0.0000   0.0000   0.0000   0.0000   0.0000   0.0000   0.0000   0.0000   0.0000   0.0000   0.0000   0.0000   0.0000
      72  238MAG PHOS                 0.0000   0.0000   0.0000   0.0000   0.0000   0.0000   0.0000   0.0000   0.0000   0.0000   0.0000   0.0000   0.0000   0.0000   0.0000   0.0000   0.0000   0.0000   0.0000   0.0000
      73  241NITRIC PHOS              0.0000   0.0000   0.0000   0.0000   0.0000   0.0000   0.0000   0.0000   0.0000   0.0000   0.0000   0.0000   0.0000   0.0000   0.0000   0.0000   0.0000   0.0000   0.0000   0.0000
      74  243PHOS ROCK                0.0000   0.0000   0.0000   0.0000   0.0000   0.0000   0.0000   0.0000   0.0000   0.0000   0.0000   0.0000   0.0000   0.0000   0.0000   0.0000   0.0000   0.0000   0.0000   0.0000
      75  248PHOS ACID                0.0000   0.0000   0.0000   0.0000   0.0000   0.0000   0.0000   0.0000   0.0000   0.0000   0.0000   0.0000   0.0000   0.0000   0.0000   0.0000   0.0000   0.0000   0.0000   0.0000
      76  249LIQ AMM POLY             0.0000   0.0000   0.0000   0.0000   0.0000   0.0000   0.0000   0.0000   0.0000   0.0000   0.0000   0.0000   0.0000   0.0000   0.0000   0.0535   0.0000   0.0000   0.0000   0.0535
      77  253PRECIP PHOS              0.0000   0.0000   0.0000   0.0000   0.0000   0.0000   0.0000   0.0000   0.0000   0.0000   0.0000   0.0000   0.0000   0.0000   0.0000   0.0000   0.0000   0.0000   0.0000   0.0000
      78  263NORMAL SUPER             0.0000   0.0000   0.0000   0.0000   0.0000   0.0000   0.0000   0.0000   0.0000   0.0000   0.0000   0.0000   0.0000   0.0000   0.0000   0.0000   0.0000   0.0000   0.0000   0.0000
      79  265ENRICHED SUPER           0.0000   0.0000   0.0000   0.0000   0.0000   0.0000   0.0000   0.0000   0.0000   0.0000   0.0000   0.0000   0.0000   0.0000   0.0000   0.0000   0.0000   0.0000   0.0000   0.0000
      80  267TRIPLE SUPER             0.0000   0.0000   0.0000   0.0000   0.0000   0.0000   0.0000   0.0000   0.0000   0.0000   0.0000   0.0000   0.0000   0.0000   0.0000   0.0000   0.0000   0.0000   0.0000   0.0000
      81  273SUPER PHOS ACD           0.0000   0.0000   0.0000   0.0000   0.0000   0.0000   0.0000   0.0000   0.0000   0.0000   0.0000   0.0000   0.0000   0.0000   0.0000   0.0000   0.0000   0.0000   0.0000   0.0000
      82  297PHOS NO CODE             0.0000   0.0000   0.0000   0.0000   0.0000   0.0000   0.0000   0.0000   0.0000   0.0000   0.0000   0.0000   0.0000   0.0000   0.0000   0.0000   0.0000   0.0000   0.0000   0.0000
      83  298PHOS NO ID               0.0000   0.0000   0.0000   0.0000   0.0000   0.0000   0.0000   0.0000   0.0000   0.0000   0.0000   0.0000   0.0000   0.0000   0.0000   0.0000   0.0000   0.0000   0.0000   0.0000
                                          36       36       36       36       36       38       38       38       38       38       40       40       40       40       40       42       42       42       42       42
Crop                               Cotton   Cotton   Cotton   Cotton   Cotton   Oats     Oats     Oats     Oats     Oats     Peanuts  Peanuts  Peanuts  Peanuts  Peanuts  Potatoes Potatoes Potatoes Potatoes Potatoes
Time pd                            Total    Fall-befoSpring wiSpring-beAfter plaTotal    Fall-befoSpring wiSpring-beAfter plaTotal    Fall-befoSpring wiSpring-beAfter plaTotal    Fall-befoSpring wiSpring-beAfter plant automatic
Spring                                     0        0        1        1        1        0        0        1        1        1        0        0        1        1        1        0        0        1        1        1
Fall                                       0        1        0        0        0        0        1        0        0        0        0        1        0        0        0        0        1        0        0        0
Total                                   1.03     0.01     0.00     0.75     0.26     1.01     0.00     0.00     0.79     0.22     0.97     0.02     0.00     0.95     0.00     1.05     0.00     0.00     0.35     0.70
BELD4#                                    44       44       44       44       44       46       46       46       46       46       48       48       48       48       48       50       50       50       50       50
Crop                               Rice     Rice     Rice     Rice     Rice     Rye      Rye      Rye      Rye      Rye      SorghumG SorghumG SorghumG SorghumG SorghumG SorghumS SorghumS SorghumS SorghumS SorghumS
Time pd                            Total    Fpre+plt S-Fall plS-pre&pltPostpltAuTotal    Fpre+plt S-Fall plS-pre&pltPostpltAuTotal    Fpre+plt S-Fall plS-pre&pltPostpltAuTotal    Fpre+plt S-Fall plS-pre&pltPostpltAu
Spring                                     0        0        1        1        1        0        0        1        1        1        0        0        1        1        1        0        0        1        1        1
Fall                                       0        1        0        0        0        0        1        0        0        0        0        1        0        0        0        0        1        0        0        0
EPIC#   Fert#NAME                          0        0        0        0        0        0        0        0        0        0        0        0        0        0        0        0        0        0        0        0
      22    1IDENTIFIED BY GRADE      0.0000   0.0000   0.0000   0.0000   0.0000   0.0000   0.0000   0.0000   0.0000   0.0000   0.1000   0.0000   0.0000   0.1000   0.0000   0.4000   0.0000   0.0000   0.4000   0.0000
      25    2ANHY AMMONIA             0.0000   0.0000   0.0000   0.0000   0.0000   0.0000   0.0000   0.0000   0.0000   0.0000   0.1000   0.0000   0.0000   0.1000   0.0000   0.1000   0.0000   0.0000   0.1000   0.0000
      26    6AQUA AMMONIA             0.0000   0.0000   0.0000   0.0000   0.0000   0.0000   0.0000   0.0000   0.0000   0.0000   0.0000   0.0000   0.0000   0.0000   0.0000   0.0000   0.0000   0.0000   0.0000   0.0000
      27   10AMMONIUM NITRATE         0.0000   0.0000   0.0000   0.0000   0.0000   0.1000   0.0000   0.0000   0.1000   0.0000   0.0500   0.0000   0.0000   0.0500   0.0000   0.0500   0.0000   0.0000   0.0500   0.0000
      28   12AMM NIT SOLUTION         0.0000   0.0000   0.0000   0.0000   0.0000   0.0000   0.0000   0.0000   0.0000   0.0000   0.0000   0.0000   0.0000   0.0000   0.0000   0.0000   0.0000   0.0000   0.0000   0.0000
      29   13AMM NIT LIME MIX         0.0000   0.0000   0.0000   0.0000   0.0000   0.0000   0.0000   0.0000   0.0000   0.0000   0.0000   0.0000   0.0000   0.0000   0.0000   0.0000   0.0000   0.0000   0.0000   0.0000
      30   16AMMONIUM NIT-SUL         0.0000   0.0000   0.0000   0.0000   0.0000   0.0000   0.0000   0.0000   0.0000   0.0000   0.0000   0.0000   0.0000   0.0000   0.0000   0.0000   0.0000   0.0000   0.0000   0.0000
      31   20AMMONIUM POLYSULF        0.0000   0.0000   0.0000   0.0000   0.0000   0.0000   0.0000   0.0000   0.0000   0.0000   0.0000   0.0000   0.0000   0.0000   0.0000   0.0000   0.0000   0.0000   0.0000   0.0000
      32   24AMMONIUM SULFATE         0.0000   0.0000   0.0000   0.0000   0.0000   0.0000   0.0000   0.0000   0.0000   0.0000   0.0000   0.0000   0.0000   0.0000   0.0000   0.0000   0.0000   0.0000   0.0000   0.0000
      33   25AMM SUL SOLUTION         0.0000   0.0000   0.0000   0.0000   0.0000   0.0000   0.0000   0.0000   0.0000   0.0000   0.0000   0.0000   0.0000   0.0000   0.0000   0.0000   0.0000   0.0000   0.0000   0.0000
      34   27AMMONIUM SUL-NIT         0.0000   0.0000   0.0000   0.0000   0.0000   0.0000   0.0000   0.0000   0.0000   0.0000   0.0000   0.0000   0.0000   0.0000   0.0000   0.0000   0.0000   0.0000   0.0000   0.0000
      35   29AMMONIUM SUL-UREA        0.0000   0.0000   0.0000   0.0000   0.0000   0.0000   0.0000   0.0000   0.0000   0.0000   0.0000   0.0000   0.0000   0.0000   0.0000   0.0000   0.0000   0.0000   0.0000   0.0000
      36   31AMMONIUM THIOSUL         0.0000   0.0000   0.0000   0.0000   0.0000   0.0000   0.0000   0.0000   0.0000   0.0000   0.0000   0.0000   0.0000   0.0000   0.0000   0.0000   0.0000   0.0000   0.0000   0.0000
      37   35CALCIUM AMM NIT          0.0000   0.0000   0.0000   0.0000   0.0000   0.0000   0.0000   0.0000   0.0000   0.0000   0.0000   0.0000   0.0000   0.0000   0.0000   0.0000   0.0000   0.0000   0.0000   0.0000
      38   38CALCIUM CYANAM           0.0000   0.0000   0.0000   0.0000   0.0000   0.0000   0.0000   0.0000   0.0000   0.0000   0.0000   0.0000   0.0000   0.0000   0.0000   0.0000   0.0000   0.0000   0.0000   0.0000
      39   43CALCIUM NITRATE          0.0000   0.0000   0.0000   0.0000   0.0000   0.0000   0.0000   0.0000   0.0000   0.0000   0.0000   0.0000   0.0000   0.0000   0.0000   0.0000   0.0000   0.0000   0.0000   0.0000
      40   46CALCIUM NIT-UREA         0.0000   0.0000   0.0000   0.0000   0.0000   0.0000   0.0000   0.0000   0.0000   0.0000   0.0000   0.0000   0.0000   0.0000   0.0000   0.0000   0.0000   0.0000   0.0000   0.0000
      41   50FERROUS AMM-SUL          0.0000   0.0000   0.0000   0.0000   0.0000   0.0000   0.0000   0.0000   0.0000   0.0000   0.0000   0.0000   0.0000   0.0000   0.0000   0.0000   0.0000   0.0000   0.0000   0.0000
      42   52MAGNE- SIUM NIT          0.0000   0.0000   0.0000   0.0000   0.0000   0.0000   0.0000   0.0000   0.0000   0.0000   0.0000   0.0000   0.0000   0.0000   0.0000   0.0000   0.0000   0.0000   0.0000   0.0000
      43   54NITRIC ACID              0.0000   0.0000   0.0000   0.0000   0.0000   0.0000   0.0000   0.0000   0.0000   0.0000   0.0000   0.0000   0.0000   0.0000   0.0000   0.0000   0.0000   0.0000   0.0000   0.0000
      44   56NITROGEN SOL <28%        0.0000   0.0000   0.0000   0.0000   0.0000   0.0000   0.0000   0.0000   0.0000   0.0000   0.0000   0.0000   0.0000   0.0000   0.0000   0.0000   0.0000   0.0000   0.0000   0.0000
      45   58NITROGEN SOL 28%         0.0000   0.0000   0.0000   0.0000   0.0000   0.2500   0.0000   0.0000   0.0000   0.2500   0.0000   0.0000   0.0000   0.0000   0.0000   0.0000   0.0000   0.0000   0.0000   0.0000
      46   59NITROGEN SOL 30%         0.0000   0.0000   0.0000   0.0000   0.0000   0.0000   0.0000   0.0000   0.0000   0.0000   0.0000   0.0000   0.0000   0.0000   0.0000   0.0000   0.0000   0.0000   0.0000   0.0000
      47   60NITROGEN SOL 32%         0.2500   0.0000   0.0000   0.2500   0.0000   0.2000   0.0000   0.0000   0.0000   0.2000   0.3500   0.0000   0.0000   0.3500   0.0000   0.1000   0.0000   0.0000   0.1000   0.0000
      48   61NITROGEN SOL >32%        0.0000   0.0000   0.0000   0.0000   0.0000   0.0000   0.0000   0.0000   0.0000   0.0000   0.0000   0.0000   0.0000   0.0000   0.0000   0.0000   0.0000   0.0000   0.0000   0.0000
      49   62SODIUM NITRATE           0.0000   0.0000   0.0000   0.0000   0.0000   0.0000   0.0000   0.0000   0.0000   0.0000   0.0000   0.0000   0.0000   0.0000   0.0000   0.0000   0.0000   0.0000   0.0000   0.0000
      50   64SUL CTD UREA             0.0000   0.0000   0.0000   0.0000   0.0000   0.0000   0.0000   0.0000   0.0000   0.0000   0.0000   0.0000   0.0000   0.0000   0.0000   0.0000   0.0000   0.0000   0.0000   0.0000
      51   66UREA                     0.7000   0.0000   0.0000   0.0000   0.7000   0.4500   0.2000   0.0000   0.0000   0.2500   0.3500   0.0000   0.0000   0.0000   0.3500   0.2000   0.0000   0.0000   0.0000   0.2000
      52   67UREA SOLUTION            0.0000   0.0000   0.0000   0.0000   0.0000   0.0000   0.0000   0.0000   0.0000   0.0000   0.0000   0.0000   0.0000   0.0000   0.0000   0.0000   0.0000   0.0000   0.0000   0.0000
      53   68UREA- FORM               0.0000   0.0000   0.0000   0.0000   0.0000   0.0000   0.0000   0.0000   0.0000   0.0000   0.0000   0.0000   0.0000   0.0000   0.0000   0.0000   0.0000   0.0000   0.0000   0.0000
      54   73ZINC AMM SUL SOL         0.0000   0.0000   0.0000   0.0000   0.0000   0.0000   0.0000   0.0000   0.0000   0.0000   0.0000   0.0000   0.0000   0.0000   0.0000   0.0000   0.0000   0.0000   0.0000   0.0000
      55   77ZINC MAN AMM SUL         0.0000   0.0000   0.0000   0.0000   0.0000   0.0000   0.0000   0.0000   0.0000   0.0000   0.0000   0.0000   0.0000   0.0000   0.0000   0.0000   0.0000   0.0000   0.0000   0.0000
      56  201AMMONIUM METAPHOS        0.0000   0.0000   0.0000   0.0000   0.0000   0.0000   0.0000   0.0000   0.0000   0.0000   0.0000   0.0000   0.0000   0.0000   0.0000   0.0000   0.0000   0.0000   0.0000   0.0000
      57  202AMMONIUM PHOS            0.0000   0.0000   0.0000   0.0000   0.0000   0.0000   0.0000   0.0000   0.0000   0.0000   0.0000   0.0000   0.0000   0.0000   0.0000   0.0000   0.0000   0.0000   0.0000   0.0000
      58  203DAP                      0.0633   0.0633   0.0000   0.0000   0.0000   0.0312   0.0000   0.0000   0.0000   0.0312   0.0285   0.0000   0.0000   0.0000   0.0285   0.0252   0.0000   0.0000   0.0126   0.0126
      59  204AMMONIUM POLY            0.0000   0.0000   0.0000   0.0000   0.0000   0.0000   0.0000   0.0000   0.0000   0.0000   0.0000   0.0000   0.0000   0.0000   0.0000   0.0000   0.0000   0.0000   0.0000   0.0000
      60  205LIME PHOS                0.0000   0.0000   0.0000   0.0000   0.0000   0.0000   0.0000   0.0000   0.0000   0.0000   0.0000   0.0000   0.0000   0.0000   0.0000   0.0000   0.0000   0.0000   0.0000   0.0000
      61  206AMM PHOS NITRATE         0.0000   0.0000   0.0000   0.0000   0.0000   0.0000   0.0000   0.0000   0.0000   0.0000   0.0000   0.0000   0.0000   0.0000   0.0000   0.0000   0.0000   0.0000   0.0000   0.0000
      62  207AMM PHOS SULFATE         0.0000   0.0000   0.0000   0.0000   0.0000   0.0000   0.0000   0.0000   0.0000   0.0000   0.0000   0.0000   0.0000   0.0000   0.0000   0.0000   0.0000   0.0000   0.0000   0.0000
      63  208BASIC SLAG               0.0000   0.0000   0.0000   0.0000   0.0000   0.0000   0.0000   0.0000   0.0000   0.0000   0.0000   0.0000   0.0000   0.0000   0.0000   0.0000   0.0000   0.0000   0.0000   0.0000
      64  209MONOAMM PHOS             0.0000   0.0000   0.0000   0.0000   0.0000   0.0000   0.0000   0.0000   0.0000   0.0000   0.0000   0.0000   0.0000   0.0000   0.0000   0.0000   0.0000   0.0000   0.0000   0.0000
      65  212BONE BLK SPENT           0.0000   0.0000   0.0000   0.0000   0.0000   0.0000   0.0000   0.0000   0.0000   0.0000   0.0000   0.0000   0.0000   0.0000   0.0000   0.0000   0.0000   0.0000   0.0000   0.0000
      66  214RAW BONE MEAL            0.0000   0.0000   0.0000   0.0000   0.0000   0.0000   0.0000   0.0000   0.0000   0.0000   0.0000   0.0000   0.0000   0.0000   0.0000   0.0000   0.0000   0.0000   0.0000   0.0000
      67  216STM BONE MEAL            0.0000   0.0000   0.0000   0.0000   0.0000   0.0000   0.0000   0.0000   0.0000   0.0000   0.0000   0.0000   0.0000   0.0000   0.0000   0.0000   0.0000   0.0000   0.0000   0.0000
      68  218BONE PRECIP              0.0000   0.0000   0.0000   0.0000   0.0000   0.0000   0.0000   0.0000   0.0000   0.0000   0.0000   0.0000   0.0000   0.0000   0.0000   0.0000   0.0000   0.0000   0.0000   0.0000
      69  223CALCIUM METAPHOS         0.0000   0.0000   0.0000   0.0000   0.0000   0.0000   0.0000   0.0000   0.0000   0.0000   0.0000   0.0000   0.0000   0.0000   0.0000   0.0000   0.0000   0.0000   0.0000   0.0000
      70  228COLLOID PHOS             0.0000   0.0000   0.0000   0.0000   0.0000   0.0000   0.0000   0.0000   0.0000   0.0000   0.0000   0.0000   0.0000   0.0000   0.0000   0.0000   0.0000   0.0000   0.0000   0.0000
      71  233PHOS LIMESTNE            0.0000   0.0000   0.0000   0.0000   0.0000   0.0000   0.0000   0.0000   0.0000   0.0000   0.0000   0.0000   0.0000   0.0000   0.0000   0.0000   0.0000   0.0000   0.0000   0.0000
      72  238MAG PHOS                 0.0000   0.0000   0.0000   0.0000   0.0000   0.0000   0.0000   0.0000   0.0000   0.0000   0.0000   0.0000   0.0000   0.0000   0.0000   0.0000   0.0000   0.0000   0.0000   0.0000
      73  241NITRIC PHOS              0.0000   0.0000   0.0000   0.0000   0.0000   0.0000   0.0000   0.0000   0.0000   0.0000   0.0000   0.0000   0.0000   0.0000   0.0000   0.0000   0.0000   0.0000   0.0000   0.0000
      74  243PHOS ROCK                0.0000   0.0000   0.0000   0.0000   0.0000   0.0000   0.0000   0.0000   0.0000   0.0000   0.0000   0.0000   0.0000   0.0000   0.0000   0.0000   0.0000   0.0000   0.0000   0.0000
      75  248PHOS ACID                0.0000   0.0000   0.0000   0.0000   0.0000   0.0000   0.0000   0.0000   0.0000   0.0000   0.0000   0.0000   0.0000   0.0000   0.0000   0.0000   0.0000   0.0000   0.0000   0.0000
      76  249LIQ AMM POLY             0.0475   0.0000   0.0000   0.0475   0.0000   0.0000   0.0000   0.0000   0.0000   0.0000   0.0000   0.0000   0.0000   0.0000   0.0000   0.0000   0.0000   0.0000   0.0000   0.0000
      77  253PRECIP PHOS              0.0000   0.0000   0.0000   0.0000   0.0000   0.0000   0.0000   0.0000   0.0000   0.0000   0.0000   0.0000   0.0000   0.0000   0.0000   0.0000   0.0000   0.0000   0.0000   0.0000
      78  263NORMAL SUPER             0.0000   0.0000   0.0000   0.0000   0.0000   0.0000   0.0000   0.0000   0.0000   0.0000   0.0000   0.0000   0.0000   0.0000   0.0000   0.0000   0.0000   0.0000   0.0000   0.0000
      79  265ENRICHED SUPER           0.0000   0.0000   0.0000   0.0000   0.0000   0.0000   0.0000   0.0000   0.0000   0.0000   0.0000   0.0000   0.0000   0.0000   0.0000   0.0000   0.0000   0.0000   0.0000   0.0000
      80  267TRIPLE SUPER             0.0000   0.0000   0.0000   0.0000   0.0000   0.0000   0.0000   0.0000   0.0000   0.0000   0.0000   0.0000   0.0000   0.0000   0.0000   0.0000   0.0000   0.0000   0.0000   0.0000
      81  273SUPER PHOS ACD           0.0000   0.0000   0.0000   0.0000   0.0000   0.0000   0.0000   0.0000   0.0000   0.0000   0.0000   0.0000   0.0000   0.0000   0.0000   0.0000   0.0000   0.0000   0.0000   0.0000
      82  297PHOS NO CODE             0.0000   0.0000   0.0000   0.0000   0.0000   0.0000   0.0000   0.0000   0.0000   0.0000   0.0000   0.0000   0.0000   0.0000   0.0000   0.0000   0.0000   0.0000   0.0000   0.0000
      83  298PHOS NO ID               0.0000   0.0000   0.0000   0.0000   0.0000   0.0000   0.0000   0.0000   0.0000   0.0000   0.0000   0.0000   0.0000   0.0000   0.0000   0.0000   0.0000   0.0000   0.0000   0.0000
                                          44       44       44       44       44       46       46       46       46       46       48       48       48       48       48       50       50       50       50       50
Crop                               Rice     Rice     Rice     Rice     Rice     Rye      Rye      Rye      Rye      Rye      SorghumGrSorghumGrSorghumGrSorghumGrSorghumGrSorghumSiSorghumSiSorghumSiSorghumSiSorghumSilage
Time pd                            Total    Fall-befoSpring wiSpring-beAfter plaTotal    Fall-befoSpring wiSpring-beAfter plaTotal    Fall-befoSpring wiSpring-beAfter plaTotal    Fall-befoSpring wiSpring-beAfter plant automatic
Spring                                     0        0        1        1        1        0        0        1        1        1        0        0        1        1        1        0        0        1        1        1
Fall                                       0        1        0        0        0        0        1        0        0        0        0        1        0        0        0        0        1        0        0        0
Total                                   1.06     0.06     0.00     0.30     0.70     1.03     0.20     0.00     0.10     0.73     0.98     0.00     0.00     0.60     0.38     0.88     0.00     0.00     0.66     0.21
BELD4#                                    52       52       52       52       52       54       54       54       54       54       56       56       56       56       56
Crop                               Soybeans Soybeans Soybeans Soybeans Soybeans Wheat_S  Wheat_S  Wheat_S  Wheat_S  Wheat_S  Wheat_W  Wheat_W  Wheat_W  Wheat_W  Wheat_W
Time pd                            Total    Fpre+plt S-Fall plS-pre&pltPostpltAuTotal    Fpre+plt S-Fall plS-pre&pltPostpltAuTotal    Fpre+plt S-Fall plS-pre&pltPostpltAu
Spring                                     0        0        1        1        1        0        0        1        1        1        0        0        1        1        1
Fall                                       0        1        0        0        0        0        1        0        0        0        0        1        0        0        0
EPIC#   Fert#NAME                          0        0        0        0        0        0        0        0        0        0        0        0        0        0        0
      22    1IDENTIFIED BY GRADE      0.0000   0.0000   0.0000   0.0000   0.0000   0.6500   0.0000   0.0000   0.6500   0.0000   0.0000   0.0000   0.0000   0.0000   0.0000
      25    2ANHY AMMONIA             0.0000   0.0000   0.0000   0.0000   0.0000   0.0000   0.0000   0.0000   0.0000   0.0000   0.0000   0.0000   0.0000   0.0000   0.0000
      26    6AQUA AMMONIA             0.0000   0.0000   0.0000   0.0000   0.0000   0.0000   0.0000   0.0000   0.0000   0.0000   0.0000   0.0000   0.0000   0.0000   0.0000
      27   10AMMONIUM NITRATE         0.0000   0.0000   0.0000   0.0000   0.0000   0.0500   0.0000   0.0000   0.0500   0.0000   0.0500   0.0500   0.0000   0.0000   0.0000
      28   12AMM NIT SOLUTION         0.0000   0.0000   0.0000   0.0000   0.0000   0.0000   0.0000   0.0000   0.0000   0.0000   0.0000   0.0000   0.0000   0.0000   0.0000
      29   13AMM NIT LIME MIX         0.0000   0.0000   0.0000   0.0000   0.0000   0.0000   0.0000   0.0000   0.0000   0.0000   0.0000   0.0000   0.0000   0.0000   0.0000
      30   16AMMONIUM NIT-SUL         0.0000   0.0000   0.0000   0.0000   0.0000   0.0000   0.0000   0.0000   0.0000   0.0000   0.0000   0.0000   0.0000   0.0000   0.0000
      31   20AMMONIUM POLYSULF        0.0000   0.0000   0.0000   0.0000   0.0000   0.0000   0.0000   0.0000   0.0000   0.0000   0.0000   0.0000   0.0000   0.0000   0.0000
      32   24AMMONIUM SULFATE         0.0000   0.0000   0.0000   0.0000   0.0000   0.0000   0.0000   0.0000   0.0000   0.0000   0.0000   0.0000   0.0000   0.0000   0.0000
      33   25AMM SUL SOLUTION         0.0000   0.0000   0.0000   0.0000   0.0000   0.0000   0.0000   0.0000   0.0000   0.0000   0.0000   0.0000   0.0000   0.0000   0.0000
      34   27AMMONIUM SUL-NIT         0.0000   0.0000   0.0000   0.0000   0.0000   0.0000   0.0000   0.0000   0.0000   0.0000   0.0000   0.0000   0.0000   0.0000   0.0000
      35   29AMMONIUM SUL-UREA        0.0000   0.0000   0.0000   0.0000   0.0000   0.0000   0.0000   0.0000   0.0000   0.0000   0.0000   0.0000   0.0000   0.0000   0.0000
      36   31AMMONIUM THIOSUL         0.0000   0.0000   0.0000   0.0000   0.0000   0.0000   0.0000   0.0000   0.0000   0.0000   0.0000   0.0000   0.0000   0.0000   0.0000
      37   35CALCIUM AMM NIT          0.0000   0.0000   0.0000   0.0000   0.0000   0.0000   0.0000   0.0000   0.0000   0.0000   0.0000   0.0000   0.0000   0.0000   0.0000
      38   38CALCIUM CYANAM           0.0000   0.0000   0.0000   0.0000   0.0000   0.0000   0.0000   0.0000   0.0000   0.0000   0.0000   0.0000   0.0000   0.0000   0.0000
      39   43CALCIUM NITRATE          0.0000   0.0000   0.0000   0.0000   0.0000   0.0000   0.0000   0.0000   0.0000   0.0000   0.0000   0.0000   0.0000   0.0000   0.0000
      40   46CALCIUM NIT-UREA         0.0000   0.0000   0.0000   0.0000   0.0000   0.0000   0.0000   0.0000   0.0000   0.0000   0.0000   0.0000   0.0000   0.0000   0.0000
      41   50FERROUS AMM-SUL          0.0000   0.0000   0.0000   0.0000   0.0000   0.0000   0.0000   0.0000   0.0000   0.0000   0.0000   0.0000   0.0000   0.0000   0.0000
      42   52MAGNE- SIUM NIT          0.0000   0.0000   0.0000   0.0000   0.0000   0.0000   0.0000   0.0000   0.0000   0.0000   0.0000   0.0000   0.0000   0.0000   0.0000
      43   54NITRIC ACID              0.0000   0.0000   0.0000   0.0000   0.0000   0.0000   0.0000   0.0000   0.0000   0.0000   0.0000   0.0000   0.0000   0.0000   0.0000
      44   56NITROGEN SOL <28%        0.0000   0.0000   0.0000   0.0000   0.0000   0.0000   0.0000   0.0000   0.0000   0.0000   0.0000   0.0000   0.0000   0.0000   0.0000
      45   58NITROGEN SOL 28%         0.0000   0.0000   0.0000   0.0000   0.0000   0.1500   0.0000   0.0000   0.0000   0.1500   0.1000   0.0000   0.0000   0.0000   0.1000
      46   59NITROGEN SOL 30%         0.0000   0.0000   0.0000   0.0000   0.0000   0.0000   0.0000   0.0000   0.0000   0.0000   0.2000   0.2000   0.0000   0.0000   0.0000
      47   60NITROGEN SOL 32%         0.0000   0.0000   0.0000   0.0000   0.0000   0.0000   0.0000   0.0000   0.0000   0.0000   0.4000   0.2000   0.0000   0.0000   0.2000
      48   61NITROGEN SOL >32%        0.0000   0.0000   0.0000   0.0000   0.0000   0.0000   0.0000   0.0000   0.0000   0.0000   0.0000   0.0000   0.0000   0.0000   0.0000
      49   62SODIUM NITRATE           0.0000   0.0000   0.0000   0.0000   0.0000   0.0000   0.0000   0.0000   0.0000   0.0000   0.0000   0.0000   0.0000   0.0000   0.0000
      50   64SUL CTD UREA             0.0000   0.0000   0.0000   0.0000   0.0000   0.0000   0.0000   0.0000   0.0000   0.0000   0.0000   0.0000   0.0000   0.0000   0.0000
      51   66UREA                     0.0000   0.0000   0.0000   0.0000   0.0000   0.1500   0.0000   0.0000   0.0000   0.1500   0.2500   0.0000   0.0000   0.0000   0.2500
      52   67UREA SOLUTION            0.0000   0.0000   0.0000   0.0000   0.0000   0.0000   0.0000   0.0000   0.0000   0.0000   0.0000   0.0000   0.0000   0.0000   0.0000
      53   68UREA- FORM               0.0000   0.0000   0.0000   0.0000   0.0000   0.0000   0.0000   0.0000   0.0000   0.0000   0.0000   0.0000   0.0000   0.0000   0.0000
      54   73ZINC AMM SUL SOL         0.0000   0.0000   0.0000   0.0000   0.0000   0.0000   0.0000   0.0000   0.0000   0.0000   0.0000   0.0000   0.0000   0.0000   0.0000
      55   77ZINC MAN AMM SUL         0.0000   0.0000   0.0000   0.0000   0.0000   0.0000   0.0000   0.0000   0.0000   0.0000   0.0000   0.0000   0.0000   0.0000   0.0000
      56  201AMMONIUM METAPHOS        0.0000   0.0000   0.0000   0.0000   0.0000   0.0000   0.0000   0.0000   0.0000   0.0000   0.0000   0.0000   0.0000   0.0000   0.0000
      57  202AMMONIUM PHOS            0.0000   0.0000   0.0000   0.0000   0.0000   0.0000   0.0000   0.0000   0.0000   0.0000   0.0000   0.0000   0.0000   0.0000   0.0000
      58  203DAP                      0.0973   0.0432   0.0000   0.0541   0.0000   0.0242   0.0000   0.0000   0.0000   0.0242   0.0256   0.0000   0.0000   0.0000   0.0256
      59  204AMMONIUM POLY            0.0000   0.0000   0.0000   0.0000   0.0000   0.0000   0.0000   0.0000   0.0000   0.0000   0.0000   0.0000   0.0000   0.0000   0.0000
      60  205LIME PHOS                0.0000   0.0000   0.0000   0.0000   0.0000   0.0000   0.0000   0.0000   0.0000   0.0000   0.0000   0.0000   0.0000   0.0000   0.0000
      61  206AMM PHOS NITRATE         0.0000   0.0000   0.0000   0.0000   0.0000   0.0000   0.0000   0.0000   0.0000   0.0000   0.0000   0.0000   0.0000   0.0000   0.0000
      62  207AMM PHOS SULFATE         0.0000   0.0000   0.0000   0.0000   0.0000   0.0000   0.0000   0.0000   0.0000   0.0000   0.0000   0.0000   0.0000   0.0000   0.0000
      63  208BASIC SLAG               0.0000   0.0000   0.0000   0.0000   0.0000   0.0000   0.0000   0.0000   0.0000   0.0000   0.0000   0.0000   0.0000   0.0000   0.0000
      64  209MONOAMM PHOS             0.0000   0.0000   0.0000   0.0000   0.0000   0.0000   0.0000   0.0000   0.0000   0.0000   0.0000   0.0000   0.0000   0.0000   0.0000
      65  212BONE BLK SPENT           0.0000   0.0000   0.0000   0.0000   0.0000   0.0000   0.0000   0.0000   0.0000   0.0000   0.0000   0.0000   0.0000   0.0000   0.0000
      66  214RAW BONE MEAL            0.0000   0.0000   0.0000   0.0000   0.0000   0.0000   0.0000   0.0000   0.0000   0.0000   0.0000   0.0000   0.0000   0.0000   0.0000
      67  216STM BONE MEAL            0.0000   0.0000   0.0000   0.0000   0.0000   0.0000   0.0000   0.0000   0.0000   0.0000   0.0000   0.0000   0.0000   0.0000   0.0000
      68  218BONE PRECIP              0.0000   0.0000   0.0000   0.0000   0.0000   0.0000   0.0000   0.0000   0.0000   0.0000   0.0000   0.0000   0.0000   0.0000   0.0000
      69  223CALCIUM METAPHOS         0.0000   0.0000   0.0000   0.0000   0.0000   0.0000   0.0000   0.0000   0.0000   0.0000   0.0000   0.0000   0.0000   0.0000   0.0000
      70  228COLLOID PHOS             0.0000   0.0000   0.0000   0.0000   0.0000   0.0000   0.0000   0.0000   0.0000   0.0000   0.0000   0.0000   0.0000   0.0000   0.0000
      71  233PHOS LIMESTNE            0.0000   0.0000   0.0000   0.0000   0.0000   0.0000   0.0000   0.0000   0.0000   0.0000   0.0000   0.0000   0.0000   0.0000   0.0000
      72  238MAG PHOS                 0.0000   0.0000   0.0000   0.0000   0.0000   0.0000   0.0000   0.0000   0.0000   0.0000   0.0000   0.0000   0.0000   0.0000   0.0000
      73  241NITRIC PHOS              0.0000   0.0000   0.0000   0.0000   0.0000   0.0000   0.0000   0.0000   0.0000   0.0000   0.0000   0.0000   0.0000   0.0000   0.0000
      74  243PHOS ROCK                0.0000   0.0000   0.0000   0.0000   0.0000   0.0000   0.0000   0.0000   0.0000   0.0000   0.0000   0.0000   0.0000   0.0000   0.0000
      75  248PHOS ACID                0.0000   0.0000   0.0000   0.0000   0.0000   0.0000   0.0000   0.0000   0.0000   0.0000   0.0000   0.0000   0.0000   0.0000   0.0000
      76  249LIQ AMM POLY             0.0081   0.0000   0.0000   0.0000   0.0081   0.0000   0.0000   0.0000   0.0000   0.0000   0.0000   0.0000   0.0000   0.0000   0.0000
      77  253PRECIP PHOS              0.0000   0.0000   0.0000   0.0000   0.0000   0.0000   0.0000   0.0000   0.0000   0.0000   0.0000   0.0000   0.0000   0.0000   0.0000
      78  263NORMAL SUPER             0.0000   0.0000   0.0000   0.0000   0.0000   0.0000   0.0000   0.0000   0.0000   0.0000   0.0000   0.0000   0.0000   0.0000   0.0000
      79  265ENRICHED SUPER           0.0000   0.0000   0.0000   0.0000   0.0000   0.0000   0.0000   0.0000   0.0000   0.0000   0.0000   0.0000   0.0000   0.0000   0.0000
      80  267TRIPLE SUPER             0.0000   0.0000   0.0000   0.0000   0.0000   0.0000   0.0000   0.0000   0.0000   0.0000   0.0000   0.0000   0.0000   0.0000   0.0000
      81  273SUPER PHOS ACD           0.0000   0.0000   0.0000   0.0000   0.0000   0.0000   0.0000   0.0000   0.0000   0.0000   0.0000   0.0000   0.0000   0.0000   0.0000
      82  297PHOS NO CODE             0.0000   0.0000   0.0000   0.0000   0.0000   0.0000   0.0000   0.0000   0.0000   0.0000   0.0000   0.0000   0.0000   0.0000   0.0000
      83  298PHOS NO ID               0.0000   0.0000   0.0000   0.0000   0.0000   0.0000   0.0000   0.0000   0.0000   0.0000   0.0000   0.0000   0.0000   0.0000   0.0000
                                          52       52       52       52       52       54       54       54       54       54       56       56       56       56       56
Crop                               Soybeans Soybeans Soybeans Soybeans Soybeans Wheat_SprWheat_SprWheat_SprWheat_SprWheat_SprWheat_WinWheat_WinWheat_WinWheat_WinWheat_Winter
Time pd                            Total    Fall-befoSpring wiSpring-beAfter plaTotal    Fall-befoSpring wiSpring-beAfter plaTotal    Fall-befoSpring wiSpring-beAfter plant automatic
Spring                                     0        0        1        1        1        0        0        1        1        1        0        0        1        1        1
Fall                                       0        1        0        0        0        0        1        0        0        0        0        1        0        0        0
Total                                   0.11     0.04     0.00     0.05     0.01     1.02     0.00     0.00     0.70     0.32     1.03     0.45     0.00     0.00     0.58
BELD4#                                    60       60       60       60       60       62       62       62       62       62
Crop                               Canola   Canola   Canola   Canola   Canola   Peas     Peas     Peas     Peas     Peas
Time pd                            Total    Fpre+plt S-Fall plS-pre&pltPostpltAuTotal    Fpre+plt S-Fall plS-pre&pltPostpltAu
Spring                                     0        0        1        1        1        0        0        1        1        1
Fall                                       0        1        0        0        0        0        1        0        0        0
EPIC#   Fert#NAME                          0        0        0        0        0        0        0        0        0        0
      22    1IDENTIFIED BY GRADE      0.2000   0.0000   0.0000   0.2000   0.0000   0.2500   0.0000   0.0000   0.2500   0.0000
      25    2ANHY AMMONIA             0.0000   0.0000   0.0000   0.0000   0.0000   0.0000   0.0000   0.0000   0.0000   0.0000
      26    6AQUA AMMONIA             0.0000   0.0000   0.0000   0.0000   0.0000   0.0000   0.0000   0.0000   0.0000   0.0000
      27   10AMMONIUM NITRATE         0.0000   0.0000   0.0000   0.0000   0.0000   0.0000   0.0000   0.0000   0.0000   0.0000
      28   12AMM NIT SOLUTION         0.0000   0.0000   0.0000   0.0000   0.0000   0.0000   0.0000   0.0000   0.0000   0.0000
      29   13AMM NIT LIME MIX         0.0000   0.0000   0.0000   0.0000   0.0000   0.0000   0.0000   0.0000   0.0000   0.0000
      30   16AMMONIUM NIT-SUL         0.0000   0.0000   0.0000   0.0000   0.0000   0.0000   0.0000   0.0000   0.0000   0.0000
      31   20AMMONIUM POLYSULF        0.0000   0.0000   0.0000   0.0000   0.0000   0.0000   0.0000   0.0000   0.0000   0.0000
      32   24AMMONIUM SULFATE         0.0000   0.0000   0.0000   0.0000   0.0000   0.0000   0.0000   0.0000   0.0000   0.0000
      33   25AMM SUL SOLUTION         0.0000   0.0000   0.0000   0.0000   0.0000   0.0000   0.0000   0.0000   0.0000   0.0000
      34   27AMMONIUM SUL-NIT         0.0000   0.0000   0.0000   0.0000   0.0000   0.0000   0.0000   0.0000   0.0000   0.0000
      35   29AMMONIUM SUL-UREA        0.0000   0.0000   0.0000   0.0000   0.0000   0.0000   0.0000   0.0000   0.0000   0.0000
      36   31AMMONIUM THIOSUL         0.0000   0.0000   0.0000   0.0000   0.0000   0.0000   0.0000   0.0000   0.0000   0.0000
      37   35CALCIUM AMM NIT          0.0000   0.0000   0.0000   0.0000   0.0000   0.0000   0.0000   0.0000   0.0000   0.0000
      38   38CALCIUM CYANAM           0.0000   0.0000   0.0000   0.0000   0.0000   0.0000   0.0000   0.0000   0.0000   0.0000
      39   43CALCIUM NITRATE          0.0000   0.0000   0.0000   0.0000   0.0000   0.0000   0.0000   0.0000   0.0000   0.0000
      40   46CALCIUM NIT-UREA         0.0000   0.0000   0.0000   0.0000   0.0000   0.0000   0.0000   0.0000   0.0000   0.0000
      41   50FERROUS AMM-SUL          0.0000   0.0000   0.0000   0.0000   0.0000   0.0000   0.0000   0.0000   0.0000   0.0000
      42   52MAGNE- SIUM NIT          0.0000   0.0000   0.0000   0.0000   0.0000   0.0000   0.0000   0.0000   0.0000   0.0000
      43   54NITRIC ACID              0.0000   0.0000   0.0000   0.0000   0.0000   0.0000   0.0000   0.0000   0.0000   0.0000
      44   56NITROGEN SOL <28%        0.0000   0.0000   0.0000   0.0000   0.0000   0.0000   0.0000   0.0000   0.0000   0.0000
      45   58NITROGEN SOL 28%         0.1000   0.0000   0.0000   0.1000   0.0000   0.1000   0.0000   0.0000   0.1000   0.0000
      46   59NITROGEN SOL 30%         0.0000   0.0000   0.0000   0.0000   0.0000   0.0000   0.0000   0.0000   0.0000   0.0000
      47   60NITROGEN SOL 32%         0.3500   0.0000   0.0000   0.3500   0.0000   0.4000   0.0000   0.0000   0.4000   0.0000
      48   61NITROGEN SOL >32%        0.0000   0.0000   0.0000   0.0000   0.0000   0.0000   0.0000   0.0000   0.0000   0.0000
      49   62SODIUM NITRATE           0.0000   0.0000   0.0000   0.0000   0.0000   0.0000   0.0000   0.0000   0.0000   0.0000
      50   64SUL CTD UREA             0.0000   0.0000   0.0000   0.0000   0.0000   0.0000   0.0000   0.0000   0.0000   0.0000
      51   66UREA                     0.2500   0.0000   0.0000   0.0000   0.2500   0.2000   0.0000   0.0000   0.2000   0.0000
      52   67UREA SOLUTION            0.0000   0.0000   0.0000   0.0000   0.0000   0.0000   0.0000   0.0000   0.0000   0.0000
      53   68UREA- FORM               0.0000   0.0000   0.0000   0.0000   0.0000   0.0000   0.0000   0.0000   0.0000   0.0000
      54   73ZINC AMM SUL SOL         0.0000   0.0000   0.0000   0.0000   0.0000   0.0000   0.0000   0.0000   0.0000   0.0000
      55   77ZINC MAN AMM SUL         0.0000   0.0000   0.0000   0.0000   0.0000   0.0000   0.0000   0.0000   0.0000   0.0000
      56  201AMMONIUM METAPHOS        0.0000   0.0000   0.0000   0.0000   0.0000   0.0000   0.0000   0.0000   0.0000   0.0000
      57  202AMMONIUM PHOS            0.0000   0.0000   0.0000   0.0000   0.0000   0.0000   0.0000   0.0000   0.0000   0.0000
      58  203DAP                      0.1681   0.0747   0.0000   0.0934   0.0000   0.0861   0.0383   0.0000   0.0478   0.0000
      59  204AMMONIUM POLY            0.0000   0.0000   0.0000   0.0000   0.0000   0.0000   0.0000   0.0000   0.0000   0.0000
      60  205LIME PHOS                0.0000   0.0000   0.0000   0.0000   0.0000   0.0000   0.0000   0.0000   0.0000   0.0000
      61  206AMM PHOS NITRATE         0.0000   0.0000   0.0000   0.0000   0.0000   0.0000   0.0000   0.0000   0.0000   0.0000
      62  207AMM PHOS SULFATE         0.0000   0.0000   0.0000   0.0000   0.0000   0.0000   0.0000   0.0000   0.0000   0.0000
      63  208BASIC SLAG               0.0000   0.0000   0.0000   0.0000   0.0000   0.0000   0.0000   0.0000   0.0000   0.0000
      64  209MONOAMM PHOS             0.0000   0.0000   0.0000   0.0000   0.0000   0.0000   0.0000   0.0000   0.0000   0.0000
      65  212BONE BLK SPENT           0.0000   0.0000   0.0000   0.0000   0.0000   0.0000   0.0000   0.0000   0.0000   0.0000
      66  214RAW BONE MEAL            0.0000   0.0000   0.0000   0.0000   0.0000   0.0000   0.0000   0.0000   0.0000   0.0000
      67  216STM BONE MEAL            0.0000   0.0000   0.0000   0.0000   0.0000   0.0000   0.0000   0.0000   0.0000   0.0000
      68  218BONE PRECIP              0.0000   0.0000   0.0000   0.0000   0.0000   0.0000   0.0000   0.0000   0.0000   0.0000
      69  223CALCIUM METAPHOS         0.0000   0.0000   0.0000   0.0000   0.0000   0.0000   0.0000   0.0000   0.0000   0.0000
      70  228COLLOID PHOS             0.0000   0.0000   0.0000   0.0000   0.0000   0.0000   0.0000   0.0000   0.0000   0.0000
      71  233PHOS LIMESTNE            0.0000   0.0000   0.0000   0.0000   0.0000   0.0000   0.0000   0.0000   0.0000   0.0000
      72  238MAG PHOS                 0.0000   0.0000   0.0000   0.0000   0.0000   0.0000   0.0000   0.0000   0.0000   0.0000
      73  241NITRIC PHOS              0.0000   0.0000   0.0000   0.0000   0.0000   0.0000   0.0000   0.0000   0.0000   0.0000
      74  243PHOS ROCK                0.0000   0.0000   0.0000   0.0000   0.0000   0.0000   0.0000   0.0000   0.0000   0.0000
      75  248PHOS ACID                0.0000   0.0000   0.0000   0.0000   0.0000   0.0000   0.0000   0.0000   0.0000   0.0000
      76  249LIQ AMM POLY             0.0140   0.0000   0.0000   0.0000   0.0140   0.0072   0.0000   0.0000   0.0000   0.0072
      77  253PRECIP PHOS              0.0000   0.0000   0.0000   0.0000   0.0000   0.0000   0.0000   0.0000   0.0000   0.0000
      78  263NORMAL SUPER             0.0000   0.0000   0.0000   0.0000   0.0000   0.0000   0.0000   0.0000   0.0000   0.0000
      79  265ENRICHED SUPER           0.0000   0.0000   0.0000   0.0000   0.0000   0.0000   0.0000   0.0000   0.0000   0.0000
      80  267TRIPLE SUPER             0.0000   0.0000   0.0000   0.0000   0.0000   0.0000   0.0000   0.0000   0.0000   0.0000
      81  273SUPER PHOS ACD           0.0000   0.0000   0.0000   0.0000   0.0000   0.0000   0.0000   0.0000   0.0000   0.0000
      82  297PHOS NO CODE             0.0000   0.0000   0.0000   0.0000   0.0000   0.0000   0.0000   0.0000   0.0000   0.0000
      83  298PHOS NO ID               0.0000   0.0000   0.0000   0.0000   0.0000   0.0000   0.0000   0.0000   0.0000   0.0000
                                          60       60       60       60       60       62       62       62       62       62
Crop                               Canola   Canola   Canola   Canola   Canola   Peas     Peas     Peas     Peas     Peas
Time pd                            Total    Fall-befoSpring wiSpring-beAfter plaTotal    Fall-befoSpring wiSpring-beAfter plant automatic
Spring                                     0        0        1        1        1        0        0        1        1        1
Fall                                       0        1        0        0        0        0        1        0        0        0
Total                                   1.08     0.07     0.00     0.74     0.26     1.04     0.04     0.00     1.00     0.01
