                                            EPIC0509    EPIC  VWB   VWB   VWB     VWB     VWB     EPICVWB     VWB     VWB     EstimateSP=1DryDown Mat.DaysMat.DaysMat.DaysMat.DaysMat.DaysMat.DaysMat.DaysMat.DaysMat.DaysMat.DaysCurve#  Fertilize FertFrac  Fert      Plant   
BELD4 name      Num   EPIC name             number      name  TOP   TBS   CNY     CPY     WCY     IDC GMHU    PPLP1   PPLP2   PlantPopFP=2Frac.          1       2       3       4       5       6       7       8       9      10LUN     DayPreplt PrePlant  Equip#    Equip#  
Hay               22  FESCUE                        78  FESC    22.5   4.0  0.0169  0.0023  0.1000   6     100   22.50   40.71    35.0   1   -0.30      85       0       0       0       0       0       0       0       0       0    17         3      0.30       261       146
Hay               67  COASTAL BERMUDA               49  BERM    25.0  12.0  0.0127  0.0021  0.1000   6     100   22.50   40.71    30.0   1   -0.30     120       0       0       0       0       0       0       0       0       0    17         3      0.30       261       146
Hay_ir            23  FESCUE                        78  FESC    22.5   4.0  0.0169  0.0023  0.1000   6     100   22.50   40.71    40.0   1   -0.30      85       0       0       0       0       0       0       0       0       0    17         3      0.30       261       146
Hay_ir            68  COASTAL BERMUDA               49  BERM    25.0  12.0  0.0127  0.0021  0.1000   6     100   22.50   40.71    50.0   1   -0.30     120       0       0       0       0       0       0       0       0       0    17         3      0.30       261       146
Alfalfa           24  ALFALFA                       31  ALFA    25.0   1.0  0.0601  0.0066  0.1200   3     100   22.50   40.71    35.0   1   -0.30     100       0       0       0       0       0       0       0       0       0    17         3      0.30       261       146
Alfalfa_ir        25  ALFALFA                       31  ALFA    25.0   1.0  0.0601  0.0066  0.1200   3     100   22.50   40.71    52.5   1   -0.30     100       0       0       0       0       0       0       0       0       0    17         3      0.30       261       146
Other_grass       26  FESCUE                        78  FESC    22.5   4.0  0.0169  0.0023  0.1000   6     100   22.50   40.71    35.0   1   -0.30      85       0       0       0       0       0       0       0       0       0    17         3      0.30       261       146
Other_grass       69  COASTAL BERMUDA               49  BERM    25.0  12.0  0.0127  0.0021  0.1000   6     100   22.50   40.71    30.0   1   -0.30     120       0       0       0       0       0       0       0       0       0    17         3      0.30       261       146
Other_grass_ir    27  FESCUE                        78  FESC    22.5   4.0  0.0169  0.0023  0.1000   6     100   22.50   40.71    40.0   1   -0.30      85       0       0       0       0       0       0       0       0       0    17         3      0.30       261       146
Other_grass_ir    70  COASTAL BERMUDA               49  BERM    25.0  12.0  0.0127  0.0021  0.1000   6     100   22.50   40.71    50.0   1   -0.30     120       0       0       0       0       0       0       0       0       0    17         3      0.30       261       146
Barley            28  BARLEY                        14  BARL    15.0   0.0  0.0188  0.0039  0.1200   5     100  125.60  250.95   150.0   1    0.15     105     100       0       0       0       0       0       0       0       0    11         3      0.30       261       129
Barley_ir         29  BARLEY                        14  BARL    15.0   0.0  0.0188  0.0039  0.1200   5     100  125.60  250.95   225.0   1    0.15     105     100       0       0       0       0       0       0       0       0    11         3      0.30       261       129
BeansEdible       30  DRYBEANS                      93  DRYB    27.0  10.0  0.0428  0.0046  0.1100   1     100   30.43   50.71    45.0   1    0.05     100       0       0       0       0       0       0       0       0       0     5         3      0.30       261       141
BeansEdible_ir    31  DRYBEANS                      93  DRYB    27.0  10.0  0.0428  0.0046  0.1100   1     100   30.43   50.71    67.5   1    0.05     100       0       0       0       0       0       0       0       0       0     5         3      0.30       261       141
CornGrain         32  CORN                           2  CORN    25.0   8.0  0.0168  0.0023  0.1500   4     100    4.47    7.77     6.0   1    0.15     150     140     120     110     100      90      75       0       0       0     5         3      0.30       261       141
CornGrain_ir      33  CORN                           2  CORN    25.0   8.0  0.0168  0.0023  0.1500   4     100    4.47    7.77     9.0   1    0.15     150     140     120     110     100      90      75       0       0       0     5         3      0.30       261       141
CornSilage        34  CORN SILAGE                   29  CSIL    25.0  10.0  0.0168  0.0023  0.1500   4     100    4.47    7.77     6.0   1   -0.10     150     140     120     110     100      90      75       0       0       0     5         3      0.30       261       141
CornSilage_ir     35  CORN SILAGE                   29  CSIL    25.0  10.0  0.0168  0.0023  0.1500   4     100    4.47    7.77     9.0   1   -0.10     150     140     120     110     100      90      75       0       0       0     5         3      0.30       261       141
Cotton            36  STRIPPER COTTON                4  COTS    27.5  10.0  0.0140  0.0020  0.0100   9     100    3.20   10.90     7.0   1    0.15     180     155     145     135       0       0       0       0       0       0     5         3      0.30       261       141
Cotton_ir         37  STRIPPER COTTON                4  COTS    27.5  10.0  0.0140  0.0020  0.0100   9     100    3.20   10.90    10.5   1    0.15     180     155     145     135       0       0       0       0       0       0     5         3      0.30       261       141
Oats              38  OATS                          16  OATS    15.0   0.0  0.0294  0.0057  0.1000   5     100  125.60  250.95   150.0   1    0.15     105     100       0       0       0       0       0       0       0       0    11         3      0.30       261       129
Oats_ir           39  OATS                          16  OATS    15.0   0.0  0.0294  0.0057  0.1000   5     100  125.60  250.95   225.0   1    0.15     105     100       0       0       0       0       0       0       0       0    11         3      0.30       261       129
Peanuts           40  PEANUTS                        6  PNUT    25.0  13.5  0.0441  0.0040  0.0600   1     100   30.43   50.71    50.0   1    0.15     110       0       0       0       0       0       0       0       0       0     5         3      0.30       261       141
Peanuts_ir        41  PEANUTS                        6  PNUT    25.0  13.5  0.0441  0.0040  0.0600   1     100   30.43   50.71    75.0   1    0.15     110       0       0       0       0       0       0       0       0       0     5         3      0.30       261       141
Potatoes          42  POTATOES                      51  POTA    18.0   4.4  0.0156  0.0028  0.8000   5     100    4.47    7.77     7.0   1    0.00     120     110     100      90       0       0       0       0       0       0     5         3      0.30       261       124
Potatoes_ir       43  POTATOES                      51  POTA    18.0   4.4  0.0156  0.0028  0.8000   5     100    4.47    7.77    11.0   1    0.00     120     110     100      90       0       0       0       0       0       0     5         3      0.30       261       124
Rice              44  RICE                          18  RICE    25.0  10.0  0.0142  0.0020  0.1400   4     100  125.60  250.95   150.0   1    0.15     180     160     140     120       0       0       0       0       0       0    11         3      0.30       261       129
Rice_ir           45  RICE                          18  RICE    25.0  10.0  0.0142  0.0020  0.1400   4     100  125.60  250.95   225.0   1    0.15     180     160     140     120       0       0       0       0       0       0    11         3      0.30       261       129
Rye               46  RYE                           19  RYE     12.5   0.0  0.0213  0.0037  0.1200   5     100  125.60  250.95   150.0   2    0.15     110     100       0       0       0       0       0       0       0       0    11         3      0.30       261       129
Rye_ir            47  RYE                           19  RYE     12.5   0.0  0.0213  0.0037  0.1200   5     100  125.60  250.95   225.0   2    0.15     110     100       0       0       0       0       0       0       0       0    11         3      0.30       261       129
SorghumGrain      48  GRAIN SORGHUM                  3  GRSG    30.0   8.0  0.0199  0.0032  0.1300   4     100    5.43   15.79    10.0   1    0.15     110     105     100      95       0       0       0       0       0       0     5         3      0.30       261       141
SorghumGrain_ir   49  GRAIN SORGHUM                  3  GRSG    30.0   8.0  0.0199  0.0032  0.1300   4     100    5.43   15.79    15.0   1    0.15     110     105     100      95       0       0       0       0       0       0     5         3      0.30       261       141
SorghumSilage     50  SORGHUM HAY                   30  SGHY    27.5  10.0  0.0150  0.0032  0.1300   4     100    5.43   15.79    10.0   1   -0.10     110     105     100      95       0       0       0       0       0       0    11         3      0.30       261       129
SorghumSilage_ir  51  SORGHUM HAY                   30  SGHY    27.5  10.0  0.0150  0.0032  0.1300   4     100    5.43   15.79    15.0   1   -0.10     110     105     100      95       0       0       0       0       0       0    11         3      0.30       261       129
Soybeans          52  SOYBEANS                       1  SOYB    25.0  10.0  0.0638  0.0077  0.1300   1     100   30.43   50.71    50.0   1    0.25     145     135     125     120     115     110     105     100      90      75     5         3      0.10       261       141
Soybeans_ir       53  SOYBEANS                       1  SOYB    25.0  10.0  0.0638  0.0077  0.1200   1     100   30.43   50.71    75.0   1    0.25     145     135     125     120     115     110     105     100      90      75     5         3      0.10       261       141
Wheat_Spring      54  SPRING WHEAT                  11  SWHT    15.0   0.0  0.0282  0.0038  0.1200   5     100  125.60  250.95   150.0   1    0.15     110     105       0       0       0       0       0       0       0       0    11         3      0.30       261       129
Wheat_Spring_ir   55  SPRING WHEAT                  11  SWHT    15.0   0.0  0.0282  0.0038  0.1200   5     100  125.60  250.95   225.0   1    0.15     110     105       0       0       0       0       0       0       0       0    11         3      0.30       261       129
Wheat_Winter      56  WINTER WHEAT                  10  WWHT    15.0   0.0  0.0232  0.0033  0.1200   5     100  125.60  250.95   150.0   2    0.15     110     100       0       0       0       0       0       0       0       0    11         3      0.30       261       129
Wheat_Winter_ir   57  WINTER WHEAT                  10  WWHT    15.0   0.0  0.0232  0.0033  0.1200   5     100  125.60  250.95   225.0   2    0.15     110     100       0       0       0       0       0       0       0       0    11         3      0.30       261       129
Other_Crop        58  CORN                           2  CORN    25.0   8.0  0.0168  0.0023  0.1500   4     100    4.47    7.77     6.0   1    0.15     150     140     120     110     100      90      75       0       0       0     5         3      0.30       261       141
Other_Crop_ir     59  CORN                           2  CORN    25.0   8.0  0.0168  0.0023  0.1500   4     100    4.47    7.77     9.0   1    0.15     150     140     120     110     100      90      75       0       0       0     5         3      0.30       261       141
Canola            60  CANOLA-ARGENTINE              23  CANA    21.0   5.0  0.0326  0.0068  0.1200   5     100   20.20  100.90    70.0   1    0.15     110       0       0       0       0       0       0       0       0       0    11         3      0.30       261       129
Canola_ir         61  CANOLA-ARGENTINE              23  CANA    21.0   5.0  0.0326  0.0068  0.1200   5     100   20.20  100.90   105.0   1    0.15     110       0       0       0       0       0       0       0       0       0    11         3      0.30       261       129
Peas              62  FIELD PEAS                    26  FPEA    15.0   1.0  0.0412  0.0044  0.1200   2     100   20.20  100.90    70.0   1    0.15      85       0       0       0       0       0       0       0       0       0    11         3      0.30       261       129
Peas_ir           63  FIELD PEAS                    26  FPEA    15.0   1.0  0.0412  0.0044  0.1200   2     100   20.20  100.90   105.0   1    0.15      85       0       0       0       0       0       0       0       0       0    11         3      0.30       261       129