                        Harv   Irr    PrePlt Post-1 Post-2 TilHarvPrePlt Post-1 Post-2 Harv
R BELD4 name      Num   Equip# Equip# Equip# Equip# Equip# Equip# Days   Frac   Frac   Frac
 1Hay               22    316    500    152                  152      2                 0.70
 1Hay_ir            23    327    500    152                  152      2                 0.70
 1Alfalfa           24    327    500    152                  152      2                 0.70
 1Alfalfa_ir        25    327    500    152                  152      2                 0.70
 1Other_grass       26    316    500    152                  152      2                 0.70
 1Other_grass_ir    27    327    500    152                  152      2                 0.70
 1Barley            28    292    500    152                  152      2                 1.00
 1Barley_ir         29    292    500    152                  152      2                 1.00
 1BeansEdible       30    287    500    152    158    158    152      2    0.3    0.4   1.00
 1BeansEdible_ir    31    287    500    152    158    158    152      2    0.3    0.4   1.00
 1CornGrain         32    287    500    152    158    158    152      2    0.3    0.4   1.00
 1CornGrain_ir      33    287    500    152    158    158    152      2    0.3    0.4   1.00
 1CornSilage        34    310    500    152    158    158    152      2    0.3    0.4   0.90
 1CornSilage_ir     35    310    500    152    158    158    152      2    0.3    0.4   0.90
 1Cotton            36    297    500    152    158    158    152      2    0.3    0.4   1.00
 1Cotton_ir         37    297    500    152    158    158    152      2    0.3    0.4   1.00
 1Oats              38    292    500    152                  152      2                 1.00
 1Oats_ir           39    292    500    152                  152      2                 1.00
 1Peanuts           40    305    500    152    158    158    152      2    0.3    0.4   1.00
 1Peanuts_ir        41    305    500    152    158    158    152      2    0.3    0.4   1.00
 1Potatoes          42    402    500    152    158    158    152      2    0.3    0.4   1.00
 1Potatoes_ir       43    402    500    152    158    158    152      2    0.3    0.4   1.00
 1Rice              44    292    500    152                  152      2                 1.00
 1Rice_ir           45    292    500    152                  152      2                 1.00
 1Rye               46    292    500    152                  152      2                 1.00
 1Rye_ir            47    292    500    152                  152      2                 1.00
 1SorghumGrain      48    287    500    152                  152      2    0.3    0.4   1.00
 1SorghumGrain_ir   49    287    500    152                  152      2    0.3    0.4   1.00
 1SorghumSilage     50    327    500    152                  152      2    0.3    0.4   0.90
 1SorghumSilage_ir  51    327    500    152                  152      2    0.3    0.4   0.90
 1Soybeans          52    287    500    152    158    158    152      2    0.3    0.4   1.00
 1Soybeans_ir       53    287    500    152    158    158    152      2    0.3    0.4   1.00
 1Wheat_Spring      54    292    500    152                  152      2                 1.00
 1Wheat_Spring_ir   55    292    500    152                  152      2                 1.00
 1Wheat_Winter      56    292    500    152                  152      2                 1.00
 1Wheat_Winter_ir   57    292    500    152                  152      2                 1.00
 1Other_Crop        58    287    500    152    158    158    152      2    0.3    0.4   1.00
 1Other_Crop_ir     59    287    500    152    158    158    152      2    0.3    0.4   1.00
 1Canola            60    292    500    152                  152      2                 1.00
 1Canola_ir         61    292    500    152                  152      2                 1.00
 1Peas              62    292    500    152                  152      2                 1.00
 1Peas_ir           63    292    500    152                  152      2                 1.00
 2Hay               22    316    500    152                  152      2                 0.50
 2Hay_ir            23    327    500    152                  152      2                 0.60
 2Alfalfa           24    327    500    152                  152      2                 0.60
 2Alfalfa_ir        25    327    500    152                  152      2                 0.60
 2Other_grass       26    316    500    152                  152      2                 0.50
 2Other_grass_ir    27    327    500    152                  152      2                 0.60
 2Barley            28    292    500    152                  152      2                 1.00
 2Barley_ir         29    292    500    152                  152      2                 1.00
 2BeansEdible       30    287    500    152    158    158    152      2    0.3    0.4   1.00
 2BeansEdible_ir    31    287    500    152    158    158    152      2    0.3    0.4   1.00
 2CornGrain         32    287    500    152    158    158    152      2    0.3    0.4   1.00
 2CornGrain_ir      33    287    500    152    158    158    152      2    0.3    0.4   1.00
 2CornSilage        34    310    500    152    158    158    152      2    0.3    0.4   0.90
 2CornSilage_ir     35    310    500    152    158    158    152      2    0.3    0.4   0.90
 2Cotton            36    297    500    152    158    158    152      2    0.3    0.4   1.00
 2Cotton_ir         37    297    500    152    158    158    152      2    0.3    0.4   1.00
 2Oats              38    292    500    152                  152      2                 1.00
 2Oats_ir           39    292    500    152                  152      2                 1.00
 2Peanuts           40    305    500    152    158    158    152      2    0.3    0.4   1.00
 2Peanuts_ir        41    305    500    152    158    158    152      2    0.3    0.4   1.00
 2Potatoes          42    402    500    152    158    158    152      2    0.3    0.4   1.00
 2Potatoes_ir       43    402    500    152    158    158    152      2    0.3    0.4   1.00
 2Rice              44    292    500    152                  152      2                 1.00
 2Rice_ir           45    292    500    152                  152      2                 1.00
 2Rye               46    292    500    152                  152      2                 1.00
 2Rye_ir            47    292    500    152                  152      2                 1.00
 2SorghumGrain      48    287    500    152                  152      2    0.3    0.4   1.00
 2SorghumGrain_ir   49    287    500    152                  152      2    0.3    0.4   1.00
 2SorghumSilage     50    327    500    152                  152      2    0.3    0.4   0.90
 2SorghumSilage_ir  51    327    500    152                  152      2    0.3    0.4   0.90
 2Soybeans          52    287    500    152    158    158    152      2    0.3    0.4   1.00
 2Soybeans_ir       53    287    500    152    158    158    152      2    0.3    0.4   1.00
 2Wheat_Spring      54    292    500    152                  152      2                 1.00
 2Wheat_Spring_ir   55    292    500    152                  152      2                 1.00
 2Wheat_Winter      56    292    500    152                  152      2                 1.00
 2Wheat_Winter_ir   57    292    500    152                  152      2                 1.00
 2Other_Crop        58    287    500    152    158    158    152      2    0.3    0.4   1.00
 2Other_Crop_ir     59    287    500    152    158    158    152      2    0.3    0.4   1.00
 2Canola            60    292    500    152                  152      2                 1.00
 2Canola_ir         61    292    500    152                  152      2                 1.00
 2Peas              62    292    500    152                  152      2                 1.00
 2Peas_ir           63    292    500    152                  152      2                 1.00
 3Hay               22    316    500    152                  152      2                 0.50
 3Hay_ir            23    327    500    152                  152      2                 0.60
 3Alfalfa           24    327    500    152                  152      2                 0.60
 3Alfalfa_ir        25    327    500    152                  152      2                 0.60
 3Other_grass       26    316    500    152                  152      2                 0.50
 3Other_grass_ir    27    327    500    152                  152      2                 0.60
 3Barley            28    292    500    152                  152      2                 1.00
 3Barley_ir         29    292    500    152                  152      2                 1.00
 3BeansEdible       30    287    500    152    158    158    152      2    0.3    0.4   1.00
 3BeansEdible_ir    31    287    500    152    158    158    152      2    0.3    0.4   1.00
 3CornGrain         32    287    500    152    158    158    152      2    0.3    0.4   1.00
 3CornGrain_ir      33    287    500    152    158    158    152      2    0.3    0.4   1.00
 3CornSilage        34    310    500    152    158    158    152      2    0.3    0.4   0.90
 3CornSilage_ir     35    310    500    152    158    158    152      2    0.3    0.4   0.90
 3Cotton            36    297    500    152    158    158    152      2    0.3    0.4   1.00
 3Cotton_ir         37    297    500    152    158    158    152      2    0.3    0.4   1.00
 3Oats              38    292    500    152                  152      2                 1.00
 3Oats_ir           39    292    500    152                  152      2                 1.00
 3Peanuts           40    305    500    152    158    158    152      2    0.3    0.4   1.00
 3Peanuts_ir        41    305    500    152    158    158    152      2    0.3    0.4   1.00
 3Potatoes          42    402    500    152    158    158    152      2    0.3    0.4   1.00
 3Potatoes_ir       43    402    500    152    158    158    152      2    0.3    0.4   1.00
 3Rice              44    292    500    152                  152      2                 1.00
 3Rice_ir           45    292    500    152                  152      2                 1.00
 3Rye               46    292    500    152                  152      2                 1.00
 3Rye_ir            47    292    500    152                  152      2                 1.00
 3SorghumGrain      48    287    500    152                  152      2    0.3    0.4   1.00
 3SorghumGrain_ir   49    287    500    152                  152      2    0.3    0.4   1.00
 3SorghumSilage     50    327    500    152                  152      2    0.3    0.4   0.90
 3SorghumSilage_ir  51    327    500    152                  152      2    0.3    0.4   0.90
 3Soybeans          52    287    500    152    158    158    152      2    0.3    0.4   1.00
 3Soybeans_ir       53    287    500    152    158    158    152      2    0.3    0.4   1.00
 3Wheat_Spring      54    292    500    152                  152      2                 1.00
 3Wheat_Spring_ir   55    292    500    152                  152      2                 1.00
 3Wheat_Winter      56    292    500    152                  152      2                 1.00
 3Wheat_Winter_ir   57    292    500    152                  152      2                 1.00
 3Other_Crop        58    287    500    152    158    158    152      2    0.3    0.4   1.00
 3Other_Crop_ir     59    287    500    152    158    158    152      2    0.3    0.4   1.00
 3Canola            60    292    500    152                  152      2                 1.00
 3Canola_ir         61    292    500    152                  152      2                 1.00
 3Peas              62    292    500    152                  152      2                 1.00
 3Peas_ir           63    292    500    152                  152      2                 1.00
 4Hay               22    316    500    152                  152      2                 0.50
 4Hay_ir            23    327    500    152                  152      2                 0.60
 4Alfalfa           24    327    500    152                  152      2                 0.60
 4Alfalfa_ir        25    327    500    152                  152      2                 0.60
 4Other_grass       26    316    500    152                  152      2                 0.50
 4Other_grass_ir    27    327    500    152                  152      2                 0.60
 4Barley            28    292    500    152                  152      2                 1.00
 4Barley_ir         29    292    500    152                  152      2                 1.00
 4BeansEdible       30    287    500    152    158    158    152      2    0.3    0.4   1.00
 4BeansEdible_ir    31    287    500    152    158    158    152      2    0.3    0.4   1.00
 4CornGrain         32    287    500    152    158    158    152      2    0.3    0.4   1.00
 4CornGrain_ir      33    287    500    152    158    158    152      2    0.3    0.4   1.00
 4CornSilage        34    310    500    152    158    158    152      2    0.3    0.4   0.90
 4CornSilage_ir     35    310    500    152    158    158    152      2    0.3    0.4   0.90
 4Cotton            36    297    500    152    158    158    152      2    0.3    0.4   1.00
 4Cotton_ir         37    297    500    152    158    158    152      2    0.3    0.4   1.00
 4Oats              38    292    500    152                  152      2                 1.00
 4Oats_ir           39    292    500    152                  152      2                 1.00
 4Peanuts           40    305    500    152    158    158    152      2    0.3    0.4   1.00
 4Peanuts_ir        41    305    500    152    158    158    152      2    0.3    0.4   1.00
 4Potatoes          42    402    500    152    158    158    152      2    0.3    0.4   1.00
 4Potatoes_ir       43    402    500    152    158    158    152      2    0.3    0.4   1.00
 4Rice              44    292    500    152                  152      2                 1.00
 4Rice_ir           45    292    500    152                  152      2                 1.00
 4Rye               46    292    500    152                  152      2                 1.00
 4Rye_ir            47    292    500    152                  152      2                 1.00
 4SorghumGrain      48    287    500    152                  152      2    0.3    0.4   1.00
 4SorghumGrain_ir   49    287    500    152                  152      2    0.3    0.4   1.00
 4SorghumSilage     50    327    500    152                  152      2    0.3    0.4   0.90
 4SorghumSilage_ir  51    327    500    152                  152      2    0.3    0.4   0.90
 4Soybeans          52    287    500    152    158    158    152      2    0.3    0.4   1.00
 4Soybeans_ir       53    287    500    152    158    158    152      2    0.3    0.4   1.00
 4Wheat_Spring      54    292    500    152                  152      2                 1.00
 4Wheat_Spring_ir   55    292    500    152                  152      2                 1.00
 4Wheat_Winter      56    292    500    152                  152      2                 1.00
 4Wheat_Winter_ir   57    292    500    152                  152      2                 1.00
 4Other_Crop        58    287    500    152    158    158    152      2    0.3    0.4   1.00
 4Other_Crop_ir     59    287    500    152    158    158    152      2    0.3    0.4   1.00
 4Canola            60    292    500    152                  152      2                 1.00
 4Canola_ir         61    292    500    152                  152      2                 1.00
 4Peas              62    292    500    152                  152      2                 1.00
 4Peas_ir           63    292    500    152                  152      2                 1.00
 5Hay               22    316    500    152                  152      2                 0.50
 5Hay_ir            23    327    500    152                  152      2                 0.60
 5Alfalfa           24    327    500    152                  152      2                 0.60
 5Alfalfa_ir        25    327    500    152                  152      2                 0.60
 5Other_grass       26    316    500    152                  152      2                 0.50
 5Other_grass_ir    27    327    500    152                  152      2                 0.60
 5Barley            28    292    500    152                  152      2                 1.00
 5Barley_ir         29    292    500    152                  152      2                 1.00
 5BeansEdible       30    287    500    152    158    158    152      2    0.3    0.4   1.00
 5BeansEdible_ir    31    287    500    152    158    158    152      2    0.3    0.4   1.00
 5CornGrain         32    287    500    152    158    158    152      2    0.3    0.4   1.00
 5CornGrain_ir      33    287    500    152    158    158    152      2    0.3    0.4   1.00
 5CornSilage        34    310    500    152    158    158    152      2    0.3    0.4   0.90
 5CornSilage_ir     35    310    500    152    158    158    152      2    0.3    0.4   0.90
 5Cotton            36    297    500    152    158    158    152      2    0.3    0.4   1.00
 5Cotton_ir         37    297    500    152    158    158    152      2    0.3    0.4   1.00
 5Oats              38    292    500    152                  152      2                 1.00
 5Oats_ir           39    292    500    152                  152      2                 1.00
 5Peanuts           40    305    500    152    158    158    152      2    0.3    0.4   1.00
 5Peanuts_ir        41    305    500    152    158    158    152      2    0.3    0.4   1.00
 5Potatoes          42    402    500    152    158    158    152      2    0.3    0.4   1.00
 5Potatoes_ir       43    402    500    152    158    158    152      2    0.3    0.4   1.00
 5Rice              44    292    500    152                  152      2                 1.00
 5Rice_ir           45    292    500    152                  152      2                 1.00
 5Rye               46    292    500    152                  152      2                 1.00
 5Rye_ir            47    292    500    152                  152      2                 1.00
 5SorghumGrain      48    287    500    152                  152      2    0.3    0.4   1.00
 5SorghumGrain_ir   49    287    500    152                  152      2    0.3    0.4   1.00
 5SorghumSilage     50    327    500    152                  152      2    0.3    0.4   0.90
 5SorghumSilage_ir  51    327    500    152                  152      2    0.3    0.4   0.90
 5Soybeans          52    287    500    152    158    158    152      2    0.3    0.4   1.00
 5Soybeans_ir       53    287    500    152    158    158    152      2    0.3    0.4   1.00
 5Wheat_Spring      54    292    500    152                  152      2                 1.00
 5Wheat_Spring_ir   55    292    500    152                  152      2                 1.00
 5Wheat_Winter      56    292    500    152                  152      2                 1.00
 5Wheat_Winter_ir   57    292    500    152                  152      2                 1.00
 5Other_Crop        58    287    500    152    158    158    152      2    0.3    0.4   1.00
 5Other_Crop_ir     59    287    500    152    158    158    152      2    0.3    0.4   1.00
 5Canola            60    292    500    152                  152      2                 1.00
 5Canola_ir         61    292    500    152                  152      2                 1.00
 5Peas              62    292    500    152                  152      2                 1.00
 5Peas_ir           63    292    500    152                  152      2                 1.00
 6Hay               22    316    500    152                  152      2                 0.50
 6Hay_ir            23    327    500    152                  152      2                 0.60
 6Alfalfa           24    327    500    152                  152      2                 0.60
 6Alfalfa_ir        25    327    500    152                  152      2                 0.60
 6Other_grass       26    316    500    152                  152      2                 0.50
 6Other_grass_ir    27    327    500    152                  152      2                 0.60
 6Barley            28    292    500    152                  152      2                 1.00
 6Barley_ir         29    292    500    152                  152      2                 1.00
 6BeansEdible       30    287    500    152    158    158    152      2    0.3    0.4   1.00
 6BeansEdible_ir    31    287    500    152    158    158    152      2    0.3    0.4   1.00
 6CornGrain         32    287    500    152    158    158    152      2    0.3    0.4   1.00
 6CornGrain_ir      33    287    500    152    158    158    152      2    0.3    0.4   1.00
 6CornSilage        34    310    500    152    158    158    152      2    0.3    0.4   0.90
 6CornSilage_ir     35    310    500    152    158    158    152      2    0.3    0.4   0.90
 6Cotton            36    297    500    152    158    158    152      2    0.3    0.4   1.00
 6Cotton_ir         37    297    500    152    158    158    152      2    0.3    0.4   1.00
 6Oats              38    292    500    152                  152      2                 1.00
 6Oats_ir           39    292    500    152                  152      2                 1.00
 6Peanuts           40    305    500    152    158    158    152      2    0.3    0.4   1.00
 6Peanuts_ir        41    305    500    152    158    158    152      2    0.3    0.4   1.00
 6Potatoes          42    402    500    152    158    158    152      2    0.3    0.4   1.00
 6Potatoes_ir       43    402    500    152    158    158    152      2    0.3    0.4   1.00
 6Rice              44    292    500    152                  152      2                 1.00
 6Rice_ir           45    292    500    152                  152      2                 1.00
 6Rye               46    292    500    152                  152      2                 1.00
 6Rye_ir            47    292    500    152                  152      2                 1.00
 6SorghumGrain      48    287    500    152                  152      2    0.3    0.4   1.00
 6SorghumGrain_ir   49    287    500    152                  152      2    0.3    0.4   1.00
 6SorghumSilage     50    327    500    152                  152      2    0.3    0.4   0.90
 6SorghumSilage_ir  51    327    500    152                  152      2    0.3    0.4   0.90
 6Soybeans          52    287    500    152    158    158    152      2    0.3    0.4   1.00
 6Soybeans_ir       53    287    500    152    158    158    152      2    0.3    0.4   1.00
 6Wheat_Spring      54    292    500    152                  152      2                 1.00
 6Wheat_Spring_ir   55    292    500    152                  152      2                 1.00
 6Wheat_Winter      56    292    500    152                  152      2                 1.00
 6Wheat_Winter_ir   57    292    500    152                  152      2                 1.00
 6Other_Crop        58    287    500    152    158    158    152      2    0.3    0.4   1.00
 6Other_Crop_ir     59    287    500    152    158    158    152      2    0.3    0.4   1.00
 6Canola            60    292    500    152                  152      2                 1.00
 6Canola_ir         61    292    500    152                  152      2                 1.00
 6Peas              62    292    500    152                  152      2                 1.00
 6Peas_ir           63    292    500    152                  152      2                 1.00
 7Hay               22    316    500    152                  152      2                 0.50
 7Hay_ir            23    327    500    152                  152      2                 0.60
 7Alfalfa           24    327    500    152                  152      2                 0.60
 7Alfalfa_ir        25    327    500    152                  152      2                 0.60
 7Other_grass       26    316    500    152                  152      2                 0.50
 7Other_grass_ir    27    327    500    152                  152      2                 0.60
 7Barley            28    292    500    152                  152      2                 1.00
 7Barley_ir         29    292    500    152                  152      2                 1.00
 7BeansEdible       30    287    500    152    158    158    152      2    0.3    0.4   1.00
 7BeansEdible_ir    31    287    500    152    158    158    152      2    0.3    0.4   1.00
 7CornGrain         32    287    500    152    158    158    152      2    0.3    0.4   1.00
 7CornGrain_ir      33    287    500    152    158    158    152      2    0.3    0.4   1.00
 7CornSilage        34    310    500    152    158    158    152      2    0.3    0.4   0.90
 7CornSilage_ir     35    310    500    152    158    158    152      2    0.3    0.4   0.90
 7Cotton            36    297    500    152    158    158    152      2    0.3    0.4   1.00
 7Cotton_ir         37    297    500    152    158    158    152      2    0.3    0.4   1.00
 7Oats              38    292    500    152                  152      2                 1.00
 7Oats_ir           39    292    500    152                  152      2                 1.00
 7Peanuts           40    305    500    152    158    158    152      2    0.3    0.4   1.00
 7Peanuts_ir        41    305    500    152    158    158    152      2    0.3    0.4   1.00
 7Potatoes          42    402    500    152    158    158    152      2    0.3    0.4   1.00
 7Potatoes_ir       43    402    500    152    158    158    152      2    0.3    0.4   1.00
 7Rice              44    292    500    152                  152      2                 1.00
 7Rice_ir           45    292    500    152                  152      2                 1.00
 7Rye               46    292    500    152                  152      2                 1.00
 7Rye_ir            47    292    500    152                  152      2                 1.00
 7SorghumGrain      48    287    500    152                  152      2    0.3    0.4   1.00
 7SorghumGrain_ir   49    287    500    152                  152      2    0.3    0.4   1.00
 7SorghumSilage     50    327    500    152                  152      2    0.3    0.4   0.90
 7SorghumSilage_ir  51    327    500    152                  152      2    0.3    0.4   0.90
 7Soybeans          52    287    500    152    158    158    152      2    0.3    0.4   1.00
 7Soybeans_ir       53    287    500    152    158    158    152      2    0.3    0.4   1.00
 7Wheat_Spring      54    292    500    152                  152      2                 1.00
 7Wheat_Spring_ir   55    292    500    152                  152      2                 1.00
 7Wheat_Winter      56    292    500    152                  152      2                 1.00
 7Wheat_Winter_ir   57    292    500    152                  152      2                 1.00
 7Other_Crop        58    287    500    152    158    158    152      2    0.3    0.4   1.00
 7Other_Crop_ir     59    287    500    152    158    158    152      2    0.3    0.4   1.00
 7Canola            60    292    500    152                  152      2                 1.00
 7Canola_ir         61    292    500    152                  152      2                 1.00
 7Peas              62    292    500    152                  152      2                 1.00
 7Peas_ir           63    292    500    152                  152      2                 1.00
 8Hay               22    316    500    152                  152      2                 0.50
 8Hay_ir            23    327    500    152                  152      2                 0.60
 8Alfalfa           24    327    500    152                  152      2                 0.60
 8Alfalfa_ir        25    327    500    152                  152      2                 0.60
 8Other_grass       26    316    500    152                  152      2                 0.50
 8Other_grass_ir    27    327    500    152                  152      2                 0.60
 8Barley            28    292    500    152                  152      2                 1.00
 8Barley_ir         29    292    500    152                  152      2                 1.00
 8BeansEdible       30    287    500    152    158    158    152      2    0.3    0.4   1.00
 8BeansEdible_ir    31    287    500    152    158    158    152      2    0.3    0.4   1.00
 8CornGrain         32    287    500    152    158    158    152      2    0.3    0.4   1.00
 8CornGrain_ir      33    287    500    152    158    158    152      2    0.3    0.4   1.00
 8CornSilage        34    310    500    152    158    158    152      2    0.3    0.4   0.90
 8CornSilage_ir     35    310    500    152    158    158    152      2    0.3    0.4   0.90
 8Cotton            36    297    500    152    158    158    152      2    0.3    0.4   1.00
 8Cotton_ir         37    297    500    152    158    158    152      2    0.3    0.4   1.00
 8Oats              38    292    500    152                  152      2                 1.00
 8Oats_ir           39    292    500    152                  152      2                 1.00
 8Peanuts           40    305    500    152    158    158    152      2    0.3    0.4   1.00
 8Peanuts_ir        41    305    500    152    158    158    152      2    0.3    0.4   1.00
 8Potatoes          42    402    500    152    158    158    152      2    0.3    0.4   1.00
 8Potatoes_ir       43    402    500    152    158    158    152      2    0.3    0.4   1.00
 8Rice              44    292    500    152                  152      2                 1.00
 8Rice_ir           45    292    500    152                  152      2                 1.00
 8Rye               46    292    500    152                  152      2                 1.00
 8Rye_ir            47    292    500    152                  152      2                 1.00
 8SorghumGrain      48    287    500    152                  152      2    0.3    0.4   1.00
 8SorghumGrain_ir   49    287    500    152                  152      2    0.3    0.4   1.00
 8SorghumSilage     50    327    500    152                  152      2    0.3    0.4   0.90
 8SorghumSilage_ir  51    327    500    152                  152      2    0.3    0.4   0.90
 8Soybeans          52    287    500    152    158    158    152      2    0.3    0.4   1.00
 8Soybeans_ir       53    287    500    152    158    158    152      2    0.3    0.4   1.00
 8Wheat_Spring      54    292    500    152                  152      2                 1.00
 8Wheat_Spring_ir   55    292    500    152                  152      2                 1.00
 8Wheat_Winter      56    292    500    152                  152      2                 1.00
 8Wheat_Winter_ir   57    292    500    152                  152      2                 1.00
 8Other_Crop        58    287    500    152    158    158    152      2    0.3    0.4   1.00
 8Other_Crop_ir     59    287    500    152    158    158    152      2    0.3    0.4   1.00
 8Canola            60    292    500    152                  152      2                 1.00
 8Canola_ir         61    292    500    152                  152      2                 1.00
 8Peas              62    292    500    152                  152      2                 1.00
 8Peas_ir           63    292    500    152                  152      2                 1.00
 9Hay               22    316    500    152                  152      2                 0.50
 9Hay_ir            23    327    500    152                  152      2                 0.60
 9Alfalfa           24    327    500    152                  152      2                 0.60
 9Alfalfa_ir        25    327    500    152                  152      2                 0.60
 9Other_grass       26    316    500    152                  152      2                 0.50
 9Other_grass_ir    27    327    500    152                  152      2                 0.60
 9Barley            28    292    500    152                  152      2                 1.00
 9Barley_ir         29    292    500    152                  152      2                 1.00
 9BeansEdible       30    287    500    152    158    158    152      2    0.3    0.4   1.00
 9BeansEdible_ir    31    287    500    152    158    158    152      2    0.3    0.4   1.00
 9CornGrain         32    287    500    152    158    158    152      2    0.3    0.4   1.00
 9CornGrain_ir      33    287    500    152    158    158    152      2    0.3    0.4   1.00
 9CornSilage        34    310    500    152    158    158    152      2    0.3    0.4   0.90
 9CornSilage_ir     35    310    500    152    158    158    152      2    0.3    0.4   0.90
 9Cotton            36    297    500    152    158    158    152      2    0.3    0.4   1.00
 9Cotton_ir         37    297    500    152    158    158    152      2    0.3    0.4   1.00
 9Oats              38    292    500    152                  152      2                 1.00
 9Oats_ir           39    292    500    152                  152      2                 1.00
 9Peanuts           40    305    500    152    158    158    152      2    0.3    0.4   1.00
 9Peanuts_ir        41    305    500    152    158    158    152      2    0.3    0.4   1.00
 9Potatoes          42    402    500    152    158    158    152      2    0.3    0.4   1.00
 9Potatoes_ir       43    402    500    152    158    158    152      2    0.3    0.4   1.00
 9Rice              44    292    500    152                  152      2                 1.00
 9Rice_ir           45    292    500    152                  152      2                 1.00
 9Rye               46    292    500    152                  152      2                 1.00
 9Rye_ir            47    292    500    152                  152      2                 1.00
 9SorghumGrain      48    287    500    152                  152      2    0.3    0.4   1.00
 9SorghumGrain_ir   49    287    500    152                  152      2    0.3    0.4   1.00
 9SorghumSilage     50    327    500    152                  152      2    0.3    0.4   0.90
 9SorghumSilage_ir  51    327    500    152                  152      2    0.3    0.4   0.90
 9Soybeans          52    287    500    152    158    158    152      2    0.3    0.4   1.00
 9Soybeans_ir       53    287    500    152    158    158    152      2    0.3    0.4   1.00
 9Wheat_Spring      54    292    500    152                  152      2                 1.00
 9Wheat_Spring_ir   55    292    500    152                  152      2                 1.00
 9Wheat_Winter      56    292    500    152                  152      2                 1.00
 9Wheat_Winter_ir   57    292    500    152                  152      2                 1.00
 9Other_Crop        58    287    500    152    158    158    152      2    0.3    0.4   1.00
 9Other_Crop_ir     59    287    500    152    158    158    152      2    0.3    0.4   1.00
 9Canola            60    292    500    152                  152      2                 1.00
 9Canola_ir         61    292    500    152                  152      2                 1.00
 9Peas              62    292    500    152                  152      2                 1.00
 9Peas_ir           63    292    500    152                  152      2                 1.00
10Hay               22    316    500    152                  152      2                 0.50
10Hay_ir            23    327    500    152                  152      2                 0.60
10Alfalfa           24    327    500    152                  152      2                 0.60
10Alfalfa_ir        25    327    500    152                  152      2                 0.60
10Other_grass       26    316    500    152                  152      2                 0.50
10Other_grass_ir    27    327    500    152                  152      2                 0.60
10Barley            28    292    500    152                  152      2                 1.00
10Barley_ir         29    292    500    152                  152      2                 1.00
10BeansEdible       30    287    500    152    158    158    152      2    0.3    0.4   1.00
10BeansEdible_ir    31    287    500    152    158    158    152      2    0.3    0.4   1.00
10CornGrain         32    287    500    152    158    158    152      2    0.3    0.4   1.00
10CornGrain_ir      33    287    500    152    158    158    152      2    0.3    0.4   1.00
10CornSilage        34    310    500    152    158    158    152      2    0.3    0.4   0.90
10CornSilage_ir     35    310    500    152    158    158    152      2    0.3    0.4   0.90
10Cotton            36    297    500    152    158    158    152      2    0.3    0.4   1.00
10Cotton_ir         37    297    500    152    158    158    152      2    0.3    0.4   1.00
10Oats              38    292    500    152                  152      2                 1.00
10Oats_ir           39    292    500    152                  152      2                 1.00
10Peanuts           40    305    500    152    158    158    152      2    0.3    0.4   1.00
10Peanuts_ir        41    305    500    152    158    158    152      2    0.3    0.4   1.00
10Potatoes          42    402    500    152    158    158    152      2    0.3    0.4   1.00
10Potatoes_ir       43    402    500    152    158    158    152      2    0.3    0.4   1.00
10Rice              44    292    500    152                  152      2                 1.00
10Rice_ir           45    292    500    152                  152      2                 1.00
10Rye               46    292    500    152                  152      2                 1.00
10Rye_ir            47    292    500    152                  152      2                 1.00
10SorghumGrain      48    287    500    152                  152      2    0.3    0.4   1.00
10SorghumGrain_ir   49    287    500    152                  152      2    0.3    0.4   1.00
10SorghumSilage     50    327    500    152                  152      2    0.3    0.4   0.90
10SorghumSilage_ir  51    327    500    152                  152      2    0.3    0.4   0.90
10Soybeans          52    287    500    152    158    158    152      2    0.3    0.4   1.00
10Soybeans_ir       53    287    500    152    158    158    152      2    0.3    0.4   1.00
10Wheat_Spring      54    292    500    152                  152      2                 1.00
10Wheat_Spring_ir   55    292    500    152                  152      2                 1.00
10Wheat_Winter      56    292    500    152                  152      2                 1.00
10Wheat_Winter_ir   57    292    500    152                  152      2                 1.00
10Other_Crop        58    287    500    152    158    158    152      2    0.3    0.4   1.00
10Other_Crop_ir     59    287    500    152    158    158    152      2    0.3    0.4   1.00
10Canola            60    292    500    152                  152      2                 1.00
10Canola_ir         61    292    500    152                  152      2                 1.00
10Peas              62    292    500    152                  152      2                 1.00
10Peas_ir           63    292    500    152                  152      2                 1.00
